Identifier	Sequence-length	motility	TypeA_CDS	TypeB_CDS	CTD_CDS
PATRIC:1014.5	2287133	1	0.0157942238267148	0.0009025270758122744	0.016696750902527077
PATRIC:1017.4	2838633	1	0.0	0.0035486160397444995	0.0035486160397444995
PATRIC:1019.3	3074746	1	0.0007034822370735139	0.005276116778051354	0.005627857896588111
PATRIC:1019.4	2855148	1	0.00038595137012736397	0.005789270551910459	0.005789270551910459
PATRIC:1019.5	3098616	1	0.00034722222222222224	0.005555555555555556	0.005555555555555556
PATRIC:1019.50	5167383	1	0.00036683785766691124	0.00586940572267058	0.00586940572267058
PATRIC:1030843.3	2339898	0	0.006457564575645757	0.00046125461254612545	0.006918819188191882
PATRIC:1034807.5	3559884	1	0.010268800966475386	0.0015101177891875567	0.011778918755662941
PATRIC:1041826.3	3162865	1	0.011024182076813657	0.0021337126600284497	0.013157894736842105
PATRIC:104268.24	3358580	1	0.004557291666666667	0.00390625	0.008463541666666666
PATRIC:107401.14	3435971	1	0.014155394778232149	0.0025165146272412707	0.015728216420257943
PATRIC:107401.17	3333272	1	0.015359477124183006	0.00261437908496732	0.01699346405228758
PATRIC:1118202.5	2120336	1	0.009402914903620122	0.0	0.009402914903620122
PATRIC:1122984.13	2674170	0	0.00681044267877412	0.00037835792659856227	0.007188800605372683
PATRIC:1124835.10	5458793	1	0.015852999459556837	0.0019816249324446046	0.017834624392001442
PATRIC:1168034.5	5132075	1	0.003409090909090909	0.0006818181818181819	0.004090909090909091
PATRIC:1170699.3	3708790	1	0.005349182763744428	0.004160475482912333	0.009212481426448737
PATRIC:1178778.3	4639957	1	0.0013723696248856359	0.0036596523330283625	0.005032021957913998
PATRIC:1211326.4	7959595	1	0.0044241472812901386	0.0014271442842871413	0.00585129156557728
PATRIC:1218801.3	5500985	1	0.017227235438884332	0.0026661197703035273	0.01989335520918786
PATRIC:1228997.3	2309519	1	0.0072300045187528245	0.0	0.0072300045187528245
PATRIC:1229726.3	4007868	1	0.005204053683922213	0.0024650780608052587	0.007669131744727472
PATRIC:1241978.4	5104943	1	0.012185215272136474	0.0020308692120227455	0.01421608448415922
PATRIC:1241978.5	5318634	1	0.012648221343873518	0.0017786561264822134	0.014426877470355731
PATRIC:1241979.4	3230102	1	0.009235668789808917	0.0012738853503184713	0.010509554140127388
PATRIC:1241981.7	5618212	1	0.022426682001150087	0.002875215641173088	0.025301897642323174
PATRIC:1241981.8	5618200	1	0.022388059701492536	0.0028702640642939152	0.02525832376578645
PATRIC:1241982.7	5595345	1	0.017540550735571484	0.001886080724254998	0.019426631459826482
PATRIC:1241982.8	5602501	1	0.017563739376770537	0.0018885741265344666	0.019452313503305004
PATRIC:1265445.3	4376354	1	0.013104598522754349	0.0026209197045508697	0.015725518227305217
PATRIC:1300343.5	3293944	1	0.00702576112412178	0.00468384074941452	0.0117096018735363
PATRIC:1306519.4	3851214	1	0.004904966278356836	0.0027590435315757206	0.007664009809932557
PATRIC:1307832.4	3350939	0	0.0031289111389236545	0.00031289111389236547	0.00344180225281602
PATRIC:1307833.4	3393002	0	0.004623921085080148	0.00030826140567200987	0.004932182490752158
PATRIC:1307839.5	4812386	1	0.02178546057305233	0.001894387875917594	0.023679848448969927
PATRIC:1316593.3	2682541	1	0.0008113590263691683	0.0036511156186612576	0.004056795131845842
PATRIC:1316596.3	2990835	1	0.0007052186177715092	0.005641748942172073	0.005641748942172073
PATRIC:1324352.13	4338935	1	0.018649193548387098	0.0030241935483870967	0.021673387096774195
PATRIC:1324352.5	4633632	1	0.017111567419575632	0.0027378507871321013	0.019849418206707735
PATRIC:1336794.4	2735158	1	0.017162471395881007	0.004195270785659802	0.02135774218154081
PATRIC:1336795.4	2016454	1	0.01410743353228432	0.0048833423765599565	0.018990775908844276
PATRIC:1354240.3	2234477	1	0.006557377049180328	0.0	0.006557377049180328
PATRIC:1355330.4	4621116	1	0.011005502751375688	0.002751375687843922	0.01375687843921961
PATRIC:1379870.5	7029352	1	0.005859375	0.001953125	0.0078125
PATRIC:1379910.4	4820793	0	0.008839264945336125	0.0023261223540358223	0.011165387299371946
PATRIC:1383885.3	3772469	1	0.0025810151993117293	0.003728133065672498	0.006309148264984227
PATRIC:1385663.3	3777136	0	0.01132300357568534	0.0023837902264600714	0.013408820023837902
PATRIC:1403335.5	2378872	0	0.00487156775907883	0.0004428697962798937	0.0070859167404783
PATRIC:1403336.3	2372492	0	0.007894736842105263	0.0004385964912280702	0.008771929824561403
PATRIC:1403338.3	2249024	0	0.006944444444444444	0.000462962962962963	0.007407407407407408
PATRIC:1452724.4	2715909	1	0.0057166190281747655	0.0012249897917517355	0.018783176806859942
PATRIC:1452725.4	2835130	1	0.012095200936402654	0.004291845493562232	0.016777214202106906
PATRIC:1453352.7	3569807	1	0.002721499848805564	0.002721499848805564	0.004838221953432114
PATRIC:1454006.9	3303986	1	0.013328776486671223	0.002734107997265892	0.016062884483937116
PATRIC:1455062.3	2184066	1	0.003766478342749529	0.0	0.00847457627118644
PATRIC:1458492.3	4065010	1	0.00165929203539823	0.0022123893805309734	0.0038716814159292035
PATRIC:1476901.3	2884293	1	0.013427825438269302	0.004475941812756434	0.017903767251025736
PATRIC:1486034.3	3192399	1	0.015739769150052464	0.0062959076600209865	0.021336131514515563
PATRIC:1492737.5	4402594	1	0.0034620505992010654	0.002929427430093209	0.006391478029294274
PATRIC:1493872.3	4430347	1	0.014761904761904763	0.0038095238095238095	0.018571428571428572
PATRIC:1124835.11	5459074	1	0.01821286283437678	0.0020868905331056726	0.02029975336748245
PATRIC:1271752.3	2166321	1	0.004364694471387003	0.0	0.0072744907856450046
PATRIC:1379909.4	4143738	0	0.010257759074171488	0.003156233561283535	0.012887953708574434
PATRIC:1493872.4	4628783	1	0.014542149511474665	0.0036355373778686664	0.01817768688934333
PATRIC:1727164.3	6147290	1	0.0003696857670979667	0.0014787430683918669	0.0014787430683918669
PATRIC:1913577.3	2978889	1	0.0033494603647190174	0.00148864905098623	0.004838109415705247
PATRIC:2057025.3	8794837	1	0.0037484885126964932	0.0018137847642079807	0.005562273276904474
PATRIC:2183896.3	5877431	1	0.006632852126414358	0.002536090518923137	0.008778774873195474
PATRIC:2487071.3	3276391	1	0.014366021236727046	0.0006246096189881324	0.014990630855715179
PATRIC:253.53	4866345	1	0.017935258092738406	0.0021872265966754157	0.020122484689413824
PATRIC:2602769.3	3985855	1	0.016835916622127203	0.006146445750935329	0.021913415285943347
PATRIC:2697009.3	4533039	1	0.025897435897435896	0.006666666666666667	0.03256410256410256
PATRIC:2725416.3	8511252	1	0.0038028169014084506	0.0029577464788732395	0.006478873239436619
PATRIC:28131.21	2775833	0	0.008190618019359643	0.00037230081906180194	0.008562918838421444
PATRIC:319236.5	2835711	0	0.013523666416228399	0.003756574004507889	0.0169045830202855
PATRIC:435591.13	4811379	0	0.0015329586101175269	0.0	0.0015329586101175269
PATRIC:592029.3	3914632	1	0.020607073238652185	0.003898635477582846	0.02422723475355054
PATRIC:762903.4	4635236	1	0.005762966675018792	0.0012528188423953897	0.007015785517414182
PATRIC:837.125	2353520	0	0.0064571674558760225	0.00043047783039173483	0.006887645286267757
PATRIC:96345.136	2783852	1	0.004240555127216654	0.0007710100231303007	0.018889745566692366
PATRIC:996.27	3032078	1	0.012536873156342183	0.0029498525073746312	0.015486725663716814
PATRIC:996.291	3261175	1	0.011824324324324325	0.002702702702702703	0.014527027027027028
GenBank:GCA_000242635.3	5202069	1	0.0020833333333333333	0.0032407407407407406	0.004629629629629629
PATRIC:1493872.5	4390955	1	0.014026602176541718	0.0038694074969770256	0.01789600967351874
PATRIC:1529069.3	5167383	1	0.012968804766912022	0.0014020329477742728	0.014370837714686295
PATRIC:1583100.3	4155464	1	0.0011010184420589045	0.0019267822736030828	0.0030278007156619873
PATRIC:1585976.7	2036890	1	0.013395157135497167	0.0	0.013395157135497167
PATRIC:1617283.4	5497186	1	0.006479933110367893	0.0020903010033444815	0.008570234113712374
PATRIC:1622118.21	2966978	1	0.006352765321375187	0.0011210762331838565	0.007473841554559043
PATRIC:1628248.4	2839791	1	0.00867992766726944	0.00108499095840868	0.00976491862567812
PATRIC:1644130.3	4399611	1	0.003386298515238343	0.003907267517582704	0.0072935660328210476
PATRIC:1685010.5	4871648	1	0.018612896077996897	0.0037668956348327056	0.022158209616662972
PATRIC:1705617.3	2614527	1	0.0012631578947368421	0.004210526315789474	0.0050526315789473685
PATRIC:1714848.3	5461560	1	0.022063458709812987	0.002311409960075646	0.02437486866988863
PATRIC:1714849.3	6087890	1	0.02046671767406274	0.0026778882938026014	0.023144605967865342
PATRIC:1714860.3	6011237	1	0.024956471271038887	0.0023215322112594312	0.027278003482298318
PATRIC:1717717.3	5718991	1	0.003109452736318408	0.0022802653399668325	0.00538971807628524
PATRIC:1721091.3	4077766	1	0.01971326164874552	0.004352278545826933	0.024065540194572452
PATRIC:1729720.4	4086550	1	0.0018626929217668972	0.0010643959552953698	0.002927088877062267
PATRIC:1736674.21	3994770	1	0.01407624633431085	0.0017595307917888563	0.015835777126099706
PATRIC:1761453.3	4707469	1	0.0023872045834328003	0.0038195273334924802	0.0062067319169252805
PATRIC:1763534.5	3027315	1	0.005946135012242042	0.0013990905911157748	0.007345225603357817
PATRIC:1774273.5	3809314	1	0.011968880909634948	0.0023937761819269898	0.01436265709156194
PATRIC:1784713.4	2970356	1	0.025166543301258327	0.0051813471502590676	0.029607698001480384
PATRIC:1803846.4	5665358	1	0.023465325790907186	0.0027236538864445843	0.02618897967735177
PATRIC:1834519.3	6408035	1	0.005925925925925926	0.001851851851851852	0.0077777777777777776
PATRIC:1836467.11	4271158	1	0.004206098843322818	0.00473186119873817	0.008937960042060988
PATRIC:1848904.3	2831350	1	0.0011312217194570137	0.004147812971342383	0.004524886877828055
PATRIC:1850246.3	3426122	1	0.013933895009721323	0.0035644847699287103	0.016850291639662993
PATRIC:1850252.3	3019213	1	0.005500550055005501	0.0029336266960029336	0.008434176751008434
PATRIC:1871047.42	2757396	1	0.014864362690449646	0.0029728725380899295	0.017837235228539576
PATRIC:1888915.11	3800626	1	0.01930738584125038	0.001225865767698437	0.02053325160894882
PATRIC:188932.3	5950539	1	0.0005687203791469195	0.0013270142180094786	0.0017061611374407583
PATRIC:1932669.4	5227721	1	0.017276014463640015	0.0024106066693451184	0.019686621132985135
PATRIC:1936080.3	1936080.3	1	0.020750988142292492	0.004940711462450593	0.025032938076416336
PATRIC:1936081.3	3752836	1	0.013739545997610514	0.002688172043010753	0.016129032258064516
PATRIC:1945657.3	2632967	1	0.00042589437819420784	0.006388415672913117	0.006388415672913117
PATRIC:1945658.3	2633192	1	0.00042301184433164127	0.005499153976311337	0.005499153976311337
PATRIC:1979344.3	5563897	1	0.007083586318558996	0.0016191054442420564	0.008702691762801052
PATRIC:1981981.3	4224053	1	0.008566389518770472	0.00327538422776518	0.011589821113630638
PATRIC:2015076.3	4872888	1	0.02121609798775153	0.0030621172353455816	0.024278215223097113
PATRIC:2025876.3	5372666	0	0.0012575979878432194	0.00020959966464053657	0.001467197652483756
PATRIC:2027857.3	4858325	1	0.01430615164520744	0.002384358607534573	0.016690510252742013
PATRIC:2029983.3	5279921	1	0.0020968756552736424	0.0025162507863283707	0.004613126441602013
PATRIC:203275.8	3405521	0	0.0041265474552957355	0.0	0.0041265474552957355
PATRIC:2038776.3	3716699	1	0.017212189616252822	0.001128668171557562	0.018340857787810385
PATRIC:2039166.3	2586303	1	0.006677140612725845	0.001178318931657502	0.007855459544383346
PATRIC:2049305.4	4130958	1	0.006749740394600207	0.0020768431983385254	0.008826583592938734
PATRIC:2057808.3	3666763	1	0.019282916541126845	0.004218137993371497	0.023199758963543236
PATRIC:2058134.3	3184776	1	0.012416107382550336	0.003691275167785235	0.015771812080536914
PATRIC:2058135.3	4314320	1	0.015001271294177472	0.004068141367912535	0.018815153826595474
PATRIC:2058137.3	3567309	1	0.00826972010178117	0.001272264631043257	0.009541984732824428
PATRIC:2058175.3	4353683	1	0.001177856301531213	0.0009422850412249705	0.0021201413427561835
PATRIC:2069432.3	4116543	1	0.014036016949152543	0.0013241525423728813	0.015360169491525424
PATRIC:2086471.3	6225914	1	0.011526306004833613	0.002044989775051125	0.013199479457148168
PATRIC:209053.3	3412686	1	0.001238390092879257	0.004024767801857585	0.004953560371517028
PATRIC:2094025.3	3182272	1	0.01990391214824983	0.004118050789293068	0.024021962937542895
PATRIC:2126553.4	4380140	1	0.0022145669291338582	0.0012303149606299212	0.0034448818897637795
PATRIC:2162713.3	3464207	1	0.029374605180037903	0.00505369551484523	0.033796588755527476
PATRIC:216432.7	2952962	1	0.012972572275759823	0.00037064492216456633	0.013343217197924388
PATRIC:2172098.3	3552756	1	0.032467532467532464	0.0042207792207792205	0.03668831168831169
PATRIC:2173169.3	3623447	1	0.005434782608695652	0.002717391304347826	0.008152173913043478
PATRIC:2175091.3	3983546	1	0.02046311254711901	0.006462035541195477	0.026117393645665052
PATRIC:2201271.3	6198518	1	0.0013544891640866873	0.0027089783281733747	0.003289473684210526
PATRIC:2249356.3	4839571	1	0.0053813757604117924	0.0028076743097800653	0.008189050070191857
PATRIC:2259595.3	7162093	0	0.0051401869158878505	0.002336448598130841	0.007476635514018692
PATRIC:2282170.3	5482391	1	0.021811383464894057	0.0033236393851267137	0.024927295388450354
PATRIC:2294119.4	4843008	1	0.019049804911636447	0.004819830158365848	0.02364011934817535
PATRIC:2319843.3	4188814	1	0.010515247108307046	0.0026288117770767614	0.012618296529968454
PATRIC:237258.26	2759562	1	0.008751902587519025	0.00228310502283105	0.0106544901065449
PATRIC:246.12	4974086	1	0.018299022665834892	0.0031191515907673115	0.021418174256602203
PATRIC:246787.4	7084828	0	0.003139169863969306	0.0	0.003139169863969306
PATRIC:247.6	3636346	1	0.014476298609139937	0.0005676979846721544	0.015043996593812092
PATRIC:247.7	3794924	1	0.012972972972972972	0.0008108108108108108	0.013783783783783784
PATRIC:2478552.3	4935222	1	0.006730351715154147	0.0021710811984368217	0.008901432913590968
PATRIC:2478663.3	4558636	1	0.01418289585097375	0.00275190516511431	0.01693480101608806
PATRIC:2487063.3	5276141	1	0.018346774193548385	0.0018145161290322581	0.020161290322580645
PATRIC:2487064.3	5038771	1	0.018748683378976196	0.0027385717295133768	0.021487255108489572
PATRIC:2487065.3	4810759	1	0.01845184518451845	0.0027002700270027003	0.02115211521152115
PATRIC:2487072.3	3367586	1	0.011521418020679469	0.0002954209748892171	0.011816838995568686
PATRIC:2487073.3	2469733	0	0.00644381796214257	0.0008054772452678212	0.00724929520741039
PATRIC:2494375.3	3682614	1	0.020656479909451048	0.0019807583474816073	0.022637238256932653
PATRIC:2496865.3	4016247	1	0.003305785123966942	0.0049586776859504135	0.007713498622589532
PATRIC:2496866.3	2872100	1	0.01147298297557365	0.0025906735751295338	0.014063656550703183
PATRIC:250.34	3685675	1	0.014382402707275803	0.003102086858432036	0.01748448956570784
PATRIC:250.7	5606922	1	0.013746981237228312	0.0016719301504737136	0.015418911387702025
PATRIC:2500547.3	3293048	1	0.008742434431741762	0.0016812373907195697	0.010423671822461332
PATRIC:2502781.3	5086993	1	0.010252904989747095	0.001594896331738437	0.011847801321485532
PATRIC:2507538.3	3067493	1	0.0010145417653026716	0.002705444707473791	0.0037199864727764627
PATRIC:2518177.3	3130338	1	0.029213483146067417	0.007116104868913857	0.036329588014981276
PATRIC:2520506.3	8664091	1	0.004921521681298217	0.00186219739292365	0.006783719074221868
PATRIC:2529032.3	3475698	1	0.0016155088852988692	0.0019386106623586429	0.003554119547657512
PATRIC:253.20	5314748	1	0.02036290322580645	0.002620967741935484	0.022983870967741935
PATRIC:253.39	4888827	1	0.01811436054124836	0.0024006983849847226	0.020515058926233086
PATRIC:253.54	4922946	1	0.017490822716475923	0.0021593608291945584	0.019650183545670483
PATRIC:253.62	5058360	1	0.01772525849335303	0.0023211648027009917	0.02004642329605402
PATRIC:253.89	5069906	1	0.017382198952879582	0.0023036649214659686	0.01968586387434555
PATRIC:254.12	4191778	1	0.014388489208633094	0.0034730836020838503	0.017861572810716944
PATRIC:2545799.3	2652717	1	0.0012376237623762376	0.006600660066006601	0.007013201320132013
PATRIC:2547394.3	4217227	1	0.022174148188209845	0.002163331530557058	0.024337479718766902
PATRIC:2547600.3	3139453	1	0.009061488673139158	0.0016181229773462784	0.010679611650485437
PATRIC:2562285.5	2987299	1	0.018464880521361332	0.0032585083272990588	0.021361332367849383
PATRIC:2570561.3	4319537	1	0.010619469026548672	0.0037926675094816687	0.01415929203539823
PATRIC:2572594.3	3766904	1	0.004048582995951417	0.005494505494505495	0.009543088490456911
PATRIC:2583851.3	2691279	1	0.0036407766990291263	0.0004045307443365696	0.0040453074433656954
PATRIC:2584940.3	5037225	0	0.010903426791277258	0.0011125945705384957	0.012016021361815754
PATRIC:2585771.3	3409178	1	0.00212636695018226	0.0009113001215066828	0.003037667071688943
PATRIC:2594004.3	3934786	1	0.008685581933989578	0.0008685581933989577	0.009554140127388535
PATRIC:2594269.3	3040096	1	0.00733822548365577	0.00066711140760507	0.008005336891260841
PATRIC:2596915.3	5388077	1	0.006500314531348291	0.001677500524218914	0.008177815055567205
PATRIC:2604421.3	6183078	1	0.0035842293906810036	0.002452367477834371	0.006036596868515374
PATRIC:2608253.3	3740082	1	0.011722020653084008	0.003907340217694669	0.015350265140943344
PATRIC:264731.4	3619559	0	0.0003495281370150297	0.0	0.0003495281370150297
PATRIC:2654325.4	3000622	1	0.014084507042253521	0.0014084507042253522	0.015492957746478873
PATRIC:266748.11	3137220	1	0.021966880702940183	0.0016897600540723217	0.023656640757012504
PATRIC:266749.8	3288745	1	0.020343293070565798	0.0019071837253655435	0.02225047679593134
PATRIC:2686077.3	4512651	1	0.020069375619425175	0.005203171456888008	0.025024777006937563
PATRIC:2686078.3	4560973	1	0.0196319018404908	0.0034355828220858898	0.02282208588957055
PATRIC:2686361.3	4224107	1	0.014966740576496674	0.0011086474501108647	0.01607538802660754
PATRIC:2686362.3	5072468	1	0.0029940119760479044	0.0036355859709153123	0.006629597946963216
PATRIC:2686363.3	3783741	1	0.006466784244562022	0.0008818342151675485	0.007348618459729571
PATRIC:2686365.3	4638103	1	0.012268402603905859	0.00400600901352028	0.01627441161742614
PATRIC:2686366.3	4618330	1	0.013198757763975156	0.004399585921325052	0.017598343685300208
PATRIC:2692134.3	8898242	1	0.004419602235798778	0.0015598596126348628	0.005979461848433641
PATRIC:2694930.3	4344619	0	0.008547008547008548	0.002686202686202686	0.01098901098901099
PATRIC:2697011.3	4810040	1	0.01967137236750752	0.004397130293913446	0.023837074751214996
PATRIC:2697012.3	4501581	1	0.019656631002737	0.0052251803931326205	0.024632993281910924
PATRIC:269798.16	4433218	1	0.018291089626339168	0.005226025607525477	0.023255813953488372
PATRIC:2698458.3	4352178	0	0.009417596034696406	0.0024783147459727386	0.011400247831474598
PATRIC:2698672.3	4610330	1	0.0015737410071942446	0.0035971223021582736	0.005170863309352518
PATRIC:2703787.3	7969925	1	0.005736714975845411	0.005434782608695652	0.011171497584541062
PATRIC:2704465.3	8983451	1	0.0079345703125	0.002197265625	0.009765625
PATRIC:2708110.5	3088198	1	0.01406926406926407	0.006132756132756133	0.020202020202020204
PATRIC:2710596.3	8853064	1	0.004496065942300487	0.0013737979268140378	0.005869863869114525
PATRIC:2713414.4	3243462	1	0.018072289156626505	0.0006341154090044388	0.018389346861128725
PATRIC:2719911.3	2852234	1	0.014812001519179644	0.003418154196733764	0.018230155715913406
PATRIC:2719912.3	4053756	1	0.0022650056625141564	0.0022650056625141564	0.004246885617214043
PATRIC:2724192.3	4690582	1	0.014777131782945737	0.001695736434108527	0.016472868217054265
PATRIC:2724619.3	3543981	1	0.006469760900140647	0.0005625879043600563	0.007032348804500703
PATRIC:2725414.3	8363885	1	0.003542581833640357	0.0029757687402579	0.006234944027207028
PATRIC:2728024.3	6049537	1	0.005244122965641953	0.0012658227848101266	0.0065099457504520794
PATRIC:2735321.3	4879662	0	0.009300162752848175	0.0009300162752848175	0.010230179028132993
PATRIC:2735870.3	5719932	1	0.006031363088057901	0.0016083634901487736	0.007639726578206675
PATRIC:2738844.3	3471153	1	0.016866688290626014	0.001621796951021732	0.018488485241647746
PATRIC:2740462.3	6044097	1	0.0023883887562006247	0.0018372221201543267	0.004041888664339519
PATRIC:2745197.3	6935613	0	0.015902554559296227	0.002030113347995263	0.017425139570292673
PATRIC:2748316.3	2837214	1	0.0011463507833397019	0.003439052350019106	0.0045854031333588076
PATRIC:2748319.3	3549933	1	0.01607034566403881	0.004244996967859308	0.02001212856276531
PATRIC:2748320.3	3913347	1	0.021643835616438355	0.004931506849315068	0.026027397260273973
PATRIC:2758037.4	2613493	1	0.01770956316410862	0.003148366784730421	0.02085792994883904
PATRIC:2761579.3	4511071	1	0.016331658291457288	0.0020100502512562816	0.017839195979899497
PATRIC:2767188.3	2839245	1	0.010756543564001434	0.002509860164933668	0.013266403728935103
PATRIC:28129.11	2893847	0	0.0018315018315018315	0.0003663003663003663	0.002197802197802198
PATRIC:28131.10	3148117	0	0.0062912865681031774	0.0	0.0062912865681031774
PATRIC:28131.17	2760702	0	0.007650273224043716	0.00036429872495446266	0.008014571948998178
PATRIC:28131.18	2777805	0	0.007467994310099573	0.0	0.007467994310099573
PATRIC:28131.19	2764740	0	0.008055657268399853	0.0	0.008055657268399853
PATRIC:28131.20	2890050	0	0.006875214850464077	0.00034376074252320387	0.007218975592987281
PATRIC:28131.22	2737112	0	0.006545454545454545	0.0003636363636363636	0.006909090909090909
PATRIC:28131.23	2928459	0	0.0060790273556231	0.0	0.0060790273556231
PATRIC:28131.24	2813841	0	0.006009190526687876	0.0003534817956875221	0.006362672322375398
PATRIC:28131.35	2949063	0	0.006775067750677507	0.00033875338753387534	0.007113821138211382
PATRIC:28131.4	2737273	0	0.0066298342541436465	0.00036832412523020257	0.006998158379373849
PATRIC:28131.7	2736315	0	0.0069216757741347905	0.00036429872495446266	0.007285974499089253
PATRIC:28132.3	3168110	0	0.0053292729349067374	0.00038066235249333843	0.005709935287400076
PATRIC:28132.5	3090326	0	0.005158730158730159	0.0003968253968253968	0.005555555555555556
PATRIC:28135.5	3168212	0	0.00033818058843422386	0.00033818058843422386	0.0006763611768684477
PATRIC:28188.11	2493828	1	0.0004178854993731718	0.005432511491851233	0.005432511491851233
PATRIC:28188.12	2414275	1	0.0008952551477170994	0.005371530886302597	0.005819158460161146
PATRIC:28188.13	2455405	1	0.0008798944126704796	0.005279366476022877	0.005719313682358117
PATRIC:28188.25	2555606	1	0.00039556962025316455	0.002768987341772152	0.002768987341772152
PATRIC:28188.26	2528270	1	0.0008281573498964803	0.005383022774327122	0.005797101449275362
PATRIC:28189.7	2640475	1	0.00041736227045075126	0.005008347245409015	0.005008347245409015
PATRIC:313590.8	3302548	1	0.006371562709590879	0.002347417840375587	0.008718980549966466
PATRIC:313596.4	3530383	1	0.0015842839036755386	0.0028517110266159697	0.004435994930291508
PATRIC:313603.6	3868304	1	0.001141552511415525	0.00228310502283105	0.003424657534246575
PATRIC:323450.3	5167383	1	0.006875	0.0027083333333333334	0.009583333333333333
PATRIC:327575.3	2504023	1	0.0008814455707360071	0.00749228735125606	0.00749228735125606
PATRIC:34085.1007	2168142	1	0.004300047778308648	0.0	0.008600095556617296
PATRIC:34085.1256	2161891	1	0.00430828147438966	0.0	0.009095260890378171
PATRIC:34085.190	2156703	1	0.004331087584215592	0.0	0.008180943214629451
PATRIC:34085.71	2425237	1	0.007030603804797354	0.00041356492969396195	0.007444168734491315
PATRIC:34085.968	2240780	1	0.007162041181736795	0.0004476275738585497	0.007609668755595345
PATRIC:343403.3	3910334	1	0.0023872679045092837	0.003183023872679045	0.005570291777188329
PATRIC:343874.12	3759256	1	0.012776831345826235	0.0008517887563884157	0.013628620102214651
PATRIC:363852.4	5373360	1	0.00021358393848782572	0.0010679196924391287	0.0012815036309269544
PATRIC:376686.10	6096872	1	0.0049665711556829036	0.0005730659025787965	0.009742120343839542
PATRIC:398053.3	5352833	0	0.0023116933153534964	0.001541128876902331	0.0038528221922558272
PATRIC:400092.3	5462537	1	0.007618675522563001	0.0021488571986716157	0.009572182066809924
PATRIC:402612.5	2861988	1	0.012509773260359656	0.003518373729476153	0.01641907740422205
PATRIC:411154.11	3798465	1	0.0022811519817507843	0.00142571998859424	0.0037068719703450244
PATRIC:421525.16	2764180	1	0.007137758743754461	0.0010706638115631692	0.00820842255531763
PATRIC:430522.4	6581659	1	0.0023021073136178503	0.0015937666017354348	0.0033646183814414732
PATRIC:431947.7	2354886	0	0.0038910505836575876	0.00048638132295719845	0.007295719844357977
PATRIC:435591.48	5212259	0	0.001756311745334797	0.0002195389681668496	0.0019758507135016466
PATRIC:45243.3	2688484	1	0.0007977662544874351	0.002792181890706023	0.0035899481451934583
PATRIC:45243.5	2688499	1	0.0008045052292839903	0.0028157683024939663	0.0036202735317779565
PATRIC:459526.6	5377387	1	0.007102569458951326	0.0012533946104031752	0.008564863171088365
PATRIC:471854.5	6967790	1	0.008226997985224983	0.0011752854264607119	0.009402283411685695
PATRIC:480520.3	4064534	1	0.0014180374361883153	0.0025524673851389677	0.003970504821327283
PATRIC:485917.6	5167383	1	0.0011465260261407934	0.0018344416418252694	0.002751662462737904
PATRIC:485918.6	9127347	1	0.004582696847660047	0.0015275656158866824	0.00611026246354673
PATRIC:496056.4	4322684	0	0.0009940357852882703	0.0019880715705765406	0.002982107355864811
PATRIC:512763.3	5413467	0	0.008977759640889614	0.0020403999183840034	0.010610079575596816
PATRIC:516051.11	3274259	1	0.002232142857142857	0.00350765306122449	0.005739795918367347
PATRIC:521097.5	2612925	1	0.0009208103130755065	0.0027624309392265192	0.004143646408839779
PATRIC:531844.3	2768102	1	0.018003913894324854	0.0023483365949119373	0.020352250489236792
PATRIC:558152.7	5167383	0	0.013770180436847104	0.001899335232668566	0.01566951566951567
PATRIC:564064.4	5828404	1	0.005065856129685917	0.00182370820668693	0.006889564336372847
PATRIC:584609.3	4614879	1	0.019760917296901683	0.0021956574774335204	0.021956574774335203
PATRIC:616991.8	5857781	1	0.0018811136192626034	0.0028216704288939053	0.004326561324303988
PATRIC:63186.3	5521712	1	0.004903005755702409	0.002558089959496909	0.007461095715199318
PATRIC:639310.5	3468188	1	0.01265022137887413	0.0056925996204933585	0.017710309930423784
PATRIC:649349.3	4059653	1	0.00405295865982167	0.0010807889759524452	0.005133747635774115
PATRIC:651561.8	5361872	1	0.02001962708537782	0.0025515210991167814	0.022571148184494603
PATRIC:655815.4	5128187	1	0.0010964912280701754	0.0006578947368421052	0.0017543859649122807
PATRIC:669041.3	2918253	1	0.004640371229698376	0.004640371229698376	0.008507347254447023
PATRIC:688270.3	4888353	1	0.0018437427978796957	0.0029960820465545056	0.00460935699469924
PATRIC:693978.17	2164087	1	0.004287756074321105	0.0	0.008099094807050978
PATRIC:694427.4	3685504	1	0.0029069767441860465	0.001614987080103359	0.004521963824289405
PATRIC:702745.6	3107673	1	0.0018698578908002991	0.002617801047120419	0.004487658937920718
PATRIC:746697.3	3520671	1	0.030330603579011222	0.001213224143160449	0.03154382772217167
PATRIC:754409.6	3811479	1	0.011938601478112564	0.001989766913018761	0.013928368391131325
PATRIC:755732.3	4633577	1	0.0304642166344294	0.008220502901353965	0.03868471953578337
PATRIC:76123.5	2861432	0	0.001513431706394249	0.00037835792659856227	0.0018917896329928112
PATRIC:762982.68	4125322	0	0.0049586776859504135	0.0002754820936639118	0.005234159779614325
PATRIC:767031.3	2937589	0	0.0015816528272044287	0.00039541320680110717	0.0019770660340055358
PATRIC:76832.21	3938030	1	0.0005571030640668524	0.0008356545961002785	0.001392757660167131
PATRIC:76832.7	4457748	1	0.0004847309743092584	0.001454192922927775	0.0019389238972370335
PATRIC:79329.7	6366305	1	0.0040530582166543845	0.002763448784082535	0.0068165070007369195
PATRIC:79329.8	6365204	1	0.004051565377532229	0.0027624309392265192	0.006813996316758748
PATRIC:79329.9	6294731	1	0.003768607499528924	0.003014885999623139	0.006783493499152063
PATRIC:823.3064	4952323	0	0.0020742106476146576	0.00023046784973496196	0.00230467849734962
PATRIC:823.3160	5179960	0	0.0017989655947829998	0.00022487069934787497	0.002023836294130875
PATRIC:823.3404	5379509	0	0.0016888325944690733	0.00021110407430863416	0.0018999366687777073
PATRIC:823.3406	4926033	0	0.0018854584020740043	0.00023568230025925054	0.0021211407023332546
PATRIC:837.119	2359159	0	0.007788836001730853	0.00043271311120726956	0.008221549112938122
PATRIC:837.120	2469365	0	0.006902151847340642	0.0004060089321965083	0.007714169711733658
PATRIC:837.121	2478317	0	0.005597760895641743	0.00039984006397441024	0.006797281087564974
PATRIC:837.122	2374087	0	0.005967604433077579	0.00042625745950554135	0.0068201193520886615
PATRIC:837.123	2353912	0	0.006402048655569782	0.0004268032437046522	0.006828851899274435
PATRIC:837.124	2463791	0	0.005319148936170213	0.0004091653027823241	0.006546644844517185
PATRIC:837.126	2482917	0	0.005280259951259139	0.00040617384240454913	0.006498781478472786
PATRIC:837.127	2476166	0	0.006584362139917695	0.00041152263374485596	0.007818930041152264
PATRIC:837.128	2410673	0	0.006644518272425249	0.0004152823920265781	0.007475083056478406
PATRIC:837.129	2254720	0	0.006772009029345372	0.0004514672686230248	0.007674943566591422
PATRIC:837.133	2334880	0	0.006717420510523959	0.0004478280340349306	0.007165248544558889
PATRIC:837.134	2343999	0	0.00578806767586821	0.0004452359750667854	0.007123775601068566
PATRIC:837.83	2367029	0	0.005731922398589065	0.0004409171075837742	0.007054673721340388
PATRIC:860228.4	2571406	1	0.0004185851820845542	0.0033486814566764337	0.0033486814566764337
PATRIC:862126.3	7811413	0	0.0008515469770082316	0.002128867442520579	0.002980414419528811
PATRIC:865938.3	2272954	1	0.013901760889712697	0.0004633920296570899	0.014365152919369786
PATRIC:867900.3	3765936	1	0.00272975432211101	0.003639672429481347	0.005762814680012132
PATRIC:878220.3	5503743	1	0.015378548895899053	0.0011829652996845426	0.016561514195583597
PATRIC:880074.29	3076856	0	0.011821204285186553	0.0003694126339120798	0.012190616919098634
PATRIC:886377.3	3842422	1	0.0008307947936859596	0.002215452783162559	0.0030462475768485184
PATRIC:908937.9	3350206	0	0.0031109574835810577	0.0003456619426201175	0.0034566194262011752
PATRIC:926562.3	4000057	1	0.03180803571428571	0.005301339285714286	0.037109375
PATRIC:935222.4	3799679	1	0.004653868528214078	0.0034904013961605585	0.008144269924374637
PATRIC:96345.194	2836981	1	0.015714833269451896	0.004216174779609045	0.02108087389804523
PATRIC:96345.196	2860399	1	0.012232415902140673	0.004204892966360856	0.017201834862385322
PATRIC:96345.197	2860399	1	0.010703363914373088	0.004204892966360856	0.015672782874617736
PATRIC:96345.29	2736292	1	0.008719778042013475	0.0031708283789139914	0.012286959968291716
PATRIC:96345.30	2684585	1	0.007714169711733658	0.0032480714575720666	0.011368250101502234
PATRIC:96345.31	2699386	1	0.008502024291497975	0.0032388663967611335	0.012145748987854251
PATRIC:96345.32	2698020	1	0.00889248181083266	0.0028294260307194824	0.012126111560226353
PATRIC:96345.55	2900735	1	0.013568023469013568	0.004033736707004034	0.018335166850018333
PATRIC:979.3	3824196	1	0.003592814371257485	0.0032934131736526945	0.006287425149700598
PATRIC:979.7	3952957	1	0.004872456291200917	0.004585841215247922	0.008885067354542848
PATRIC:983544.3	3296168	1	0.009380234505862646	0.0023450586264656616	0.011725293132328308
PATRIC:983548.3	3389993	1	0.002592352559948153	0.002592352559948153	0.005184705119896306
PATRIC:986.7	5109718	1	0.00816326530612245	0.0022675736961451248	0.010430839002267574
PATRIC:996.10	3329120	1	0.010612803834303321	0.0030811365970558027	0.013693940431359124
PATRIC:996.217	3261404	1	0.01182033096926714	0.002701789935832489	0.014522120905099628
PATRIC:996.23	3171081	1	0.013083451202263084	0.002828854314002829	0.015912305516265914
PATRIC:996.276	3221312	1	0.012914485165794066	0.002792321116928447	0.015706806282722512
PATRIC:996.277	3221278	1	0.012829403606102635	0.0027739251040221915	0.015603328710124827
PATRIC:996.278	3221284	1	0.012829403606102635	0.0027739251040221915	0.015603328710124827
PATRIC:996.279	3221316	1	0.012824956672443674	0.0027729636048526864	0.01559792027729636
PATRIC:996.280	3221291	1	0.012851684612712747	0.0027787426189649182	0.015630427231677665
PATRIC:996.281	3221309	1	0.012802768166089966	0.002768166089965398	0.015570934256055362
PATRIC:996.282	3221300	1	0.012807199723087574	0.0027691242644513675	0.01557632398753894
PATRIC:996.283	3221299	1	0.012838306731436502	0.002775850104094379	0.015614156835530881
PATRIC:996.284	3221281	1	0.012824956672443674	0.0027729636048526864	0.01559792027729636
PATRIC:996.285	3221303	1	0.012785072563925363	0.0027643400138217	0.015549412577747062
PATRIC:996.286	3221306	1	0.012807199723087574	0.0027691242644513675	0.01557632398753894
PATRIC:996.287	3221293	1	0.012785072563925363	0.0027643400138217	0.015549412577747062
PATRIC:996.288	3221290	1	0.01286509040333797	0.0027816411682892906	0.01564673157162726
PATRIC:996.289	3221305	1	0.012874043145441893	0.0027835768963117608	0.015657620041753653
PATRIC:996.290	3261133	1	0.011824324324324325	0.002702702702702703	0.014527027027027028
PATRIC:996.292	3261248	1	0.01182033096926714	0.002701789935832489	0.014522120905099628
PATRIC:996.293	3261110	1	0.011832319134550372	0.002704530087897228	0.0145368492224476
PATRIC:996.294	3261108	1	0.011832319134550372	0.002704530087897228	0.0145368492224476
PATRIC:996.297	3261078	1	0.011816340310600946	0.0027008777852802163	0.01451721809588116
PATRIC:996.299	3261159	1	0.011824324324324325	0.002702702702702703	0.014527027027027028
PATRIC:996.300	3261163	1	0.011824324324324325	0.002702702702702703	0.014527027027027028
PATRIC:996.301	3261270	1	0.011828320378506252	0.0027036160865157146	0.014531936465021968
PATRIC:996.7	3321600	1	0.011451667228022903	0.0030313236780060626	0.014482990906028967
PATRIC:996801.5	4125014	1	0.014664410603496898	0.0022560631697687537	0.016638465877044557
GenBank:GCA_000152945.2	2961474	1	0.010246679316888045	0.0026565464895635673	0.012903225806451613
GenBank:GCA_000153485.2	4321832	1	0.014463981849120816	0.0014180374361883153	0.01588201928530913
GenBank:GCA_000455605.1	2993089	1	0.016098839385997755	0.004867090977162112	0.020965930363159864
GenBank:GCA_000468615.2	4635105	1	0.004260985352862849	0.003195739014647137	0.0074567243675099865
GenBank:GCA_000477035.2	4560540	1	0.003757380568974772	0.0029522275899087494	0.0067096081588835215
GenBank:GCA_001670765.2	2509140	1	0.004123711340206186	0.0004123711340206186	0.004536082474226804
GenBank:GCA_002007065.3	5867608	1	0.00688360450563204	0.0027117229870671673	0.009595327492699207
GenBank:GCA_003008415.2	3046750	1	0.014290949065591791	0.00622938805423232	0.020520337119824112
GenBank:GCA_003008475.2	3046750	1	0.014290949065591791	0.00622938805423232	0.020520337119824112
GenBank:GCA_003265305.2	2920169	0	0.004766031195840554	0.0004332755632582322	0.005199306759098787
GenBank:GCA_003286415.2	7632803	1	0.0011326860841423948	0.002103559870550162	0.003236245954692557
GenBank:GCA_003286425.2	7719698	1	0.0004560656734569778	0.0012161751292186075	0.0016722408026755853
GenBank:GCA_003815915.1	4253895	1	0.01612483745123537	0.0036410923276983093	0.01976592977893368
