Identifier	Sequence-length	motility	TypeA_CDS	TypeB_CDS	CTD_CDS	total
PATRIC:1227739.3	5252070.0	0	0.0134710372698697	0.0022451728783116	0.0157162101481814	70
PATRIC:1356852.3	5010594.0	1	0.0102576335877862	0.0009541984732824	0.0112118320610687	47
PATRIC:1385664.3	4360029.0	1	0.0081643402686331	0.0010534632604687	0.0092178035291019	35
PATRIC:553174.6	3168282.0	0	0.0046121593291404	0.0	0.0046121593291404	11
PATRIC:643867.3	4516490.0	1	0.0086668366046393	0.0025490695895997	0.0109609992352791	43
GenBank:GCA_000024525.1	8491258.0	1	0.0053260400172736	0.001151576219951	0.0064776162372247	45
GenBank:GCA_000163055.2	2480269.0	0	0.0066326530612244	0.0005102040816326	0.0071428571428571	14
GenBank:GCA_001262015.1	3261806.0	0	0.0016460905349794	0.0004115226337448	0.0020576131687242	5
GenBank:GCA_002849795.1	3913006.0	0	0.0035889070146818	0.0003262642740619	0.0039151712887438	12
GenBank:GCA_003815775.1	4890621.0	1	0.016590909090909	0.0027272727272727	0.0193181818181818	85
PATRIC:1014.5	2287133.0	1	0.0157942238267148	0.0009025270758122	0.016696750902527	37
PATRIC:1017.4	2838633.0	1	0.0	0.0035486160397444	0.0035486160397444	10
PATRIC:1019.3	3074746.0	1	0.0007034822370735	0.0052761167780513	0.0056278578965881	16
PATRIC:1019.4	2855148.0	1	0.0003859513701273	0.0057892705519104	0.0057892705519104	15
PATRIC:1019.5	3098616.0	1	0.0003472222222222	0.0055555555555555	0.0055555555555555	16
PATRIC:1019.50	5167383.0	1	0.0003668378576669	0.0058694057226705	0.0058694057226705	16
PATRIC:1030843.3	2339898.0	0	0.0064575645756457	0.0004612546125461	0.0069188191881918	15
PATRIC:1034807.5	3559884.0	1	0.0102688009664753	0.0015101177891875	0.0117789187556629	39
PATRIC:1041826.3	3162865.0	1	0.0110241820768136	0.0021337126600284	0.0131578947368421	37
PATRIC:104268.24	3358580.0	1	0.0045572916666666	0.00390625	0.0084635416666666	26
PATRIC:107401.14	3435971.0	1	0.0141553947782321	0.0025165146272412	0.0157282164202579	50
PATRIC:107401.17	3333272.0	1	0.015359477124183	0.0026143790849673	0.0169934640522875	52
PATRIC:1118202.5	2120336.0	1	0.0094029149036201	0.0	0.0094029149036201	20
PATRIC:1122984.13	2674170.0	0	0.0068104426787741	0.0003783579265985	0.0071888006053726	19
PATRIC:1124835.10	5458793.0	1	0.0158529994595568	0.0019816249324446	0.0178346243920014	99
PATRIC:1168034.5	5132075.0	1	0.0034090909090909	0.0006818181818181	0.004090909090909	18
PATRIC:1170699.3	3708790.0	1	0.0053491827637444	0.0041604754829123	0.0092124814264487	31
PATRIC:1178778.3	4639957.0	1	0.0013723696248856	0.0036596523330283	0.0050320219579139	22
PATRIC:1211326.4	7959595.0	1	0.0044241472812901	0.0014271442842871	0.0058512915655772	41
PATRIC:1218801.3	5500985.0	1	0.0172272354388843	0.0026661197703035	0.0198933552091878	97
PATRIC:1228997.3	2309519.0	1	0.0072300045187528	0.0	0.0072300045187528	16
PATRIC:1229726.3	4007868.0	1	0.0052040536839222	0.0024650780608052	0.0076691317447274	28
PATRIC:1241978.4	5104943.0	1	0.0121852152721364	0.0020308692120227	0.0142160844841592	70
PATRIC:1241978.5	5318634.0	1	0.0126482213438735	0.0017786561264822	0.0144268774703557	73
PATRIC:1241979.4	3230102.0	1	0.0092356687898089	0.0012738853503184	0.0105095541401273	33
PATRIC:1241981.7	5618212.0	1	0.02242668200115	0.002875215641173	0.0253018976423231	132
PATRIC:1241981.8	5618200.0	1	0.0223880597014925	0.0028702640642939	0.0252583237657864	132
PATRIC:1241982.7	5595345.0	1	0.0175405507355714	0.0018860807242549	0.0194266314598264	103
PATRIC:1241982.8	5602501.0	1	0.0175637393767705	0.0018885741265344	0.019452313503305	103
PATRIC:1265445.3	4376354.0	1	0.0131045985227543	0.0026209197045508	0.0157255182273052	66
PATRIC:1300343.5	3293944.0	1	0.0070257611241217	0.0046838407494145	0.0117096018735363	35
PATRIC:1306519.4	3851214.0	1	0.0049049662783568	0.0027590435315757	0.0076640098099325	25
PATRIC:1307832.4	3350939.0	0	0.0031289111389236	0.0003128911138923	0.003441802252816	11
PATRIC:1307833.4	3393002.0	0	0.0046239210850801	0.000308261405672	0.0049321824907521	16
PATRIC:1307839.5	4812386.0	1	0.0217854605730523	0.0018943878759175	0.0236798484489699	100
PATRIC:1316593.3	2682541.0	1	0.0008113590263691	0.0036511156186612	0.0040567951318458	10
PATRIC:1316596.3	2990835.0	1	0.0007052186177715	0.005641748942172	0.005641748942172	16
PATRIC:1324352.13	4338935.0	1	0.018649193548387	0.003024193548387	0.0216733870967741	86
PATRIC:1324352.5	4633632.0	1	0.0171115674195756	0.0027378507871321	0.0198494182067077	87
PATRIC:1336794.4	2735158.0	1	0.017162471395881	0.0041952707856598	0.0213577421815408	56
PATRIC:1336795.4	2016454.0	1	0.0141074335322843	0.0048833423765599	0.0189907759088442	35
PATRIC:1354240.3	2234477.0	1	0.0065573770491803	0.0	0.0065573770491803	14
PATRIC:1355330.4	4621116.0	1	0.0110055027513756	0.0027513756878439	0.0137568784392196	55
PATRIC:1379870.5	7029352.0	1	0.005859375	0.001953125	0.0078125	48
PATRIC:1379910.4	4820793.0	0	0.0088392649453361	0.0023261223540358	0.0111653872993719	48
PATRIC:1383885.3	3772469.0	1	0.0025810151993117	0.0037281330656724	0.0063091482649842	22
PATRIC:1385663.3	3777136.0	0	0.0113230035756853	0.00238379022646	0.0134088200238379	45
PATRIC:1403335.5	2378872.0	0	0.0048715677590788	0.0004428697962798	0.0070859167404783	16
PATRIC:1403336.3	2372492.0	0	0.0078947368421052	0.000438596491228	0.0087719298245614	20
PATRIC:1403338.3	2249024.0	0	0.0069444444444444	0.0004629629629629	0.0074074074074074	16
PATRIC:1452724.4	2715909.0	1	0.0057166190281747	0.0012249897917517	0.0187831768068599	46
PATRIC:1452725.4	2835130.0	1	0.0120952009364026	0.0042918454935622	0.0167772142021069	43
PATRIC:1453352.7	3569807.0	1	0.0027214998488055	0.0027214998488055	0.0048382219534321	16
PATRIC:1454006.9	3303986.0	1	0.0133287764866712	0.0027341079972658	0.0160628844839371	47
PATRIC:1455062.3	2184066.0	1	0.0037664783427495	0.0	0.0084745762711864	18
PATRIC:1458492.3	4065010.0	1	0.0016592920353982	0.0022123893805309	0.0038716814159292	14
PATRIC:1476901.3	2884293.0	1	0.0134278254382693	0.0044759418127564	0.0179037672510257	48
PATRIC:1486034.3	3192399.0	1	0.0157397691500524	0.0062959076600209	0.0213361315145155	61
PATRIC:1492737.5	4402594.0	1	0.003462050599201	0.0029294274300932	0.0063914780292942	24
PATRIC:1493872.3	4430347.0	1	0.0147619047619047	0.0038095238095238	0.0185714285714285	78
PATRIC:1124835.11	5459074.0	1	0.0182128628343767	0.0020868905331056	0.0202997533674824	107
PATRIC:1271752.3	2166321.0	1	0.004364694471387	0.0	0.007274490785645	15
PATRIC:1379909.4	4143738.0	0	0.0102577590741714	0.0031562335612835	0.0128879537085744	49
PATRIC:1493872.4	4628783.0	1	0.0145421495114746	0.0036355373778686	0.0181776868893433	80
PATRIC:1727164.3	6147290.0	1	0.0003696857670979	0.0014787430683918	0.0014787430683918	8
PATRIC:1913577.3	2978889.0	1	0.003349460364719	0.0014886490509862	0.0048381094157052	13
PATRIC:2057025.3	8794837.0	1	0.0037484885126964	0.0018137847642079	0.0055622732769044	46
PATRIC:2183896.3	5877431.0	1	0.0066328521264143	0.0025360905189231	0.0087787748731954	45
PATRIC:2487071.3	3276391.0	1	0.014366021236727	0.0006246096189881	0.0149906308557151	48
PATRIC:253.53	4866345.0	1	0.0179352580927384	0.0021872265966754	0.0201224846894138	92
PATRIC:2602769.3	3985855.0	1	0.0168359166221272	0.0061464457509353	0.0219134152859433	82
PATRIC:2697009.3	4533039.0	1	0.0258974358974358	0.0066666666666666	0.0325641025641025	127
PATRIC:2725416.3	8511252.0	1	0.0038028169014084	0.0029577464788732	0.0064788732394366	46
PATRIC:28131.21	2775833.0	0	0.0081906180193596	0.0003723008190618	0.0085629188384214	23
PATRIC:319236.5	2835711.0	0	0.0135236664162283	0.0037565740045078	0.0169045830202855	45
PATRIC:435591.13	4811379.0	0	0.0015329586101175	0.0	0.0015329586101175	6
PATRIC:592029.3	3914632.0	1	0.0206070732386521	0.0038986354775828	0.0242272347535505	87
PATRIC:762903.4	4635236.0	1	0.0057629666750187	0.0012528188423953	0.0070157855174141	28
PATRIC:837.125	2353520.0	0	0.006457167455876	0.0004304778303917	0.0068876452862677	16
PATRIC:96345.136	2783852.0	1	0.0042405551272166	0.0007710100231303	0.0188897455666923	49
PATRIC:996.27	3032078.0	1	0.0125368731563421	0.0029498525073746	0.0154867256637168	42
PATRIC:996.291	3261175.0	1	0.0118243243243243	0.0027027027027027	0.014527027027027	43
GenBank:GCA_000242635.3	5202069.0	1	0.0020833333333333	0.0032407407407407	0.0046296296296296	20
PATRIC:1493872.5	4390955.0	1	0.0140266021765417	0.003869407496977	0.0178960096735187	74
PATRIC:1529069.3	5167383.0	1	0.012968804766912	0.0014020329477742	0.0143708377146862	41
PATRIC:1583100.3	4155464.0	1	0.0011010184420589	0.001926782273603	0.0030278007156619	11
PATRIC:1585976.7	2036890.0	1	0.0133951571354971	0.0	0.0133951571354971	26
PATRIC:1617283.4	5497186.0	1	0.0064799331103678	0.0020903010033444	0.0085702341137123	41
PATRIC:1622118.21	2966978.0	1	0.0063527653213751	0.0011210762331838	0.007473841554559	20
PATRIC:1628248.4	2839791.0	1	0.0086799276672694	0.0010849909584086	0.0097649186256781	27
PATRIC:1644130.3	4399611.0	1	0.0033862985152383	0.0039072675175827	0.007293566032821	28
PATRIC:1685010.5	4871648.0	1	0.0186128960779968	0.0037668956348327	0.0221582096166629	100
PATRIC:1705617.3	2614527.0	1	0.0012631578947368	0.0042105263157894	0.0050526315789473	12
PATRIC:1714848.3	5461560.0	1	0.0220634587098129	0.0023114099600756	0.0243748686698886	116
PATRIC:1714849.3	6087890.0	1	0.0204667176740627	0.0026778882938026	0.0231446059678653	121
PATRIC:1714860.3	6011237.0	1	0.0249564712710388	0.0023215322112594	0.0272780034822983	141
PATRIC:1717717.3	5718991.0	1	0.0031094527363184	0.0022802653399668	0.0053897180762852	26
PATRIC:1721091.3	4077766.0	1	0.0197132616487455	0.0043522785458269	0.0240655401945724	94
PATRIC:1729720.4	4086550.0	1	0.0018626929217668	0.0010643959552953	0.0029270888770622	11
PATRIC:1736674.21	3994770.0	1	0.0140762463343108	0.0017595307917888	0.0158357771260997	54
PATRIC:1761453.3	4707469.0	1	0.0023872045834328	0.0038195273334924	0.0062067319169252	26
PATRIC:1763534.5	3027315.0	1	0.005946135012242	0.0013990905911157	0.0073452256033578	21
PATRIC:1774273.5	3809314.0	1	0.0119688809096349	0.0023937761819269	0.0143626570915619	48
PATRIC:1784713.4	2970356.0	1	0.0251665433012583	0.005181347150259	0.0296076980014803	80
PATRIC:1803846.4	5665358.0	1	0.0234653257909071	0.0027236538864445	0.0261889796773517	125
PATRIC:1834519.3	6408035.0	1	0.0059259259259259	0.0018518518518518	0.0077777777777777	42
PATRIC:1836467.11	4271158.0	1	0.0042060988433228	0.0047318611987381	0.0089379600420609	34
PATRIC:1848904.3	2831350.0	1	0.001131221719457	0.0041478129713423	0.004524886877828	12
PATRIC:1850246.3	3426122.0	1	0.0139338950097213	0.0035644847699287	0.0168502916396629	52
PATRIC:1850252.3	3019213.0	1	0.0055005500550055	0.0029336266960029	0.0084341767510084	23
PATRIC:1871047.42	2757396.0	1	0.0148643626904496	0.0029728725380899	0.0178372352285395	48
PATRIC:1888915.11	3800626.0	1	0.0193073858412503	0.0012258657676984	0.0205332516089488	67
PATRIC:188932.3	5950539.0	1	0.0005687203791469	0.0013270142180094	0.0017061611374407	9
PATRIC:1932669.4	5227721.0	1	0.01727601446364	0.0024106066693451	0.0196866211329851	98
PATRIC:1936080.3	3349669	1	0.0207509881422924	0.0049407114624505	0.0250329380764163	76
PATRIC:1936081.3	3752836.0	1	0.0137395459976105	0.0026881720430107	0.0161290322580645	54
PATRIC:1945657.3	2632967.0	1	0.0004258943781942	0.0063884156729131	0.0063884156729131	15
PATRIC:1945658.3	2633192.0	1	0.0004230118443316	0.0054991539763113	0.0054991539763113	13
PATRIC:1979344.3	5563897.0	1	0.0070835863185589	0.001619105444242	0.008702691762801	43
PATRIC:1981981.3	4224053.0	1	0.0085663895187704	0.0032753842277651	0.0115898211136306	46
PATRIC:2015076.3	4872888.0	1	0.0212160979877515	0.0030621172353455	0.0242782152230971	111
PATRIC:2025876.3	5372666.0	0	0.0012575979878432	0.0002095996646405	0.0014671976524837	7
PATRIC:2027857.3	4858325.0	1	0.0143061516452074	0.0023843586075345	0.016690510252742	70
PATRIC:2029983.3	5279921.0	1	0.0020968756552736	0.0025162507863283	0.004613126441602	22
PATRIC:203275.8	3405521.0	0	0.0041265474552957	0.0	0.0041265474552957	12
PATRIC:2038776.3	3716699.0	1	0.0172121896162528	0.0011286681715575	0.0183408577878103	65
PATRIC:2039166.3	2586303.0	1	0.0066771406127258	0.0011783189316575	0.0078554595443833	20
PATRIC:2049305.4	4130958.0	1	0.0067497403946002	0.0020768431983385	0.0088265835929387	34
PATRIC:2057808.3	3666763.0	1	0.0192829165411268	0.0042181379933714	0.0231997589635432	77
PATRIC:2058134.3	3184776.0	1	0.0124161073825503	0.0036912751677852	0.0157718120805369	47
PATRIC:2058135.3	4314320.0	1	0.0150012712941774	0.0040681413679125	0.0188151538265954	74
PATRIC:2058137.3	3567309.0	1	0.0082697201017811	0.0012722646310432	0.0095419847328244	30
PATRIC:2058175.3	4353683.0	1	0.0011778563015312	0.0009422850412249	0.0021201413427561	9
PATRIC:2069432.3	4116543.0	1	0.0140360169491525	0.0013241525423728	0.0153601694915254	58
PATRIC:2086471.3	6225914.0	1	0.0115263060048336	0.0020449897750511	0.0131994794571481	71
PATRIC:209053.3	3412686.0	1	0.0012383900928792	0.0040247678018575	0.004953560371517	16
PATRIC:2094025.3	3182272.0	1	0.0199039121482498	0.004118050789293	0.0240219629375428	70
PATRIC:2126553.4	4380140.0	1	0.0022145669291338	0.0012303149606299	0.0034448818897637	14
PATRIC:2162713.3	3464207.0	1	0.0293746051800379	0.0050536955148452	0.0337965887555274	107
PATRIC:216432.7	2952962.0	1	0.0129725722757598	0.0003706449221645	0.0133432171979243	36
PATRIC:2172098.3	3552756.0	1	0.0324675324675324	0.0042207792207792	0.0366883116883116	113
PATRIC:2173169.3	3623447.0	1	0.0054347826086956	0.0027173913043478	0.0081521739130434	27
PATRIC:2175091.3	3983546.0	1	0.020463112547119	0.0064620355411954	0.026117393645665	97
PATRIC:2201271.3	6198518.0	1	0.0013544891640866	0.0027089783281733	0.0032894736842105	17
PATRIC:2249356.3	4839571.0	1	0.0053813757604117	0.00280767430978	0.0081890500701918	35
PATRIC:2259595.3	7162093.0	0	0.0051401869158878	0.0023364485981308	0.0074766355140186	48
PATRIC:2282170.3	5482391.0	1	0.021811383464894	0.0033236393851267	0.0249272953884503	120
PATRIC:2294119.4	4843008.0	1	0.0190498049116364	0.0048198301583658	0.0236401193481753	103
PATRIC:2319843.3	4188814.0	1	0.010515247108307	0.0026288117770767	0.0126182965299684	48
PATRIC:237258.26	2759562.0	1	0.008751902587519	0.002283105022831	0.0106544901065449	28
PATRIC:246.12	4974086.0	1	0.0182990226658348	0.0031191515907673	0.0214181742566022	103
PATRIC:246787.4	7084828.0	0	0.0031391698639693	0.0	0.0031391698639693	18
PATRIC:247.6	3636346.0	1	0.0144762986091399	0.0005676979846721	0.015043996593812	53
PATRIC:247.7	3794924.0	1	0.0129729729729729	0.0008108108108108	0.0137837837837837	51
PATRIC:2478552.3	4935222.0	1	0.0067303517151541	0.0021710811984368	0.0089014329135909	41
PATRIC:2478663.3	4558636.0	1	0.0141828958509737	0.0027519051651143	0.016934801016088	80
PATRIC:2487063.3	5276141.0	1	0.0183467741935483	0.0018145161290322	0.0201612903225806	100
PATRIC:2487064.3	5038771.0	1	0.0187486833789761	0.0027385717295133	0.0214872551084895	102
PATRIC:2487065.3	4810759.0	1	0.0184518451845184	0.0027002700270027	0.0211521152115211	94
PATRIC:2487072.3	3367586.0	1	0.0115214180206794	0.0002954209748892	0.0118168389955686	40
PATRIC:2487073.3	2469733.0	0	0.0064438179621425	0.0008054772452678	0.0072492952074103	18
PATRIC:2494375.3	3682614.0	1	0.020656479909451	0.0019807583474816	0.0226372382569326	80
PATRIC:2496865.3	4016247.0	1	0.0033057851239669	0.0049586776859504	0.0077134986225895	28
PATRIC:2496866.3	2872100.0	1	0.0114729829755736	0.0025906735751295	0.0140636565507031	38
PATRIC:250.34	3685675.0	1	0.0143824027072758	0.003102086858432	0.0174844895657078	62
PATRIC:250.7	5606922.0	1	0.0137469812372283	0.0016719301504737	0.015418911387702	83
PATRIC:2500547.3	3293048.0	1	0.0087424344317417	0.0016812373907195	0.0104236718224613	31
PATRIC:2502781.3	5086993.0	1	0.010252904989747	0.0015948963317384	0.0118478013214855	52
PATRIC:2507538.3	3067493.0	1	0.0010145417653026	0.0027054447074737	0.0037199864727764	11
PATRIC:2518177.3	3130338.0	1	0.0292134831460674	0.0071161048689138	0.0363295880149812	97
PATRIC:2520506.3	8664091.0	1	0.0049215216812982	0.0018621973929236	0.0067837190742218	51
PATRIC:2529032.3	3475698.0	1	0.0016155088852988	0.0019386106623586	0.0035541195476575	11
PATRIC:253.20	5314748.0	1	0.0203629032258064	0.0026209677419354	0.0229838709677419	114
PATRIC:253.39	4888827.0	1	0.0181143605412483	0.0024006983849847	0.020515058926233	94
PATRIC:253.54	4922946.0	1	0.0174908227164759	0.0021593608291945	0.0196501835456704	91
PATRIC:253.62	5058360.0	1	0.017725258493353	0.0023211648027009	0.020046423296054	95
PATRIC:253.89	5069906.0	1	0.0173821989528795	0.0023036649214659	0.0196858638743455	94
PATRIC:254.12	4191778.0	1	0.014388489208633	0.0034730836020838	0.0178615728107169	72
PATRIC:2545799.3	2652717.0	1	0.0012376237623762	0.0066006600660066	0.007013201320132	17
PATRIC:2547394.3	4217227.0	1	0.0221741481882098	0.002163331530557	0.0243374797187669	90
PATRIC:2547600.3	3139453.0	1	0.0090614886731391	0.0016181229773462	0.0106796116504854	33
PATRIC:2562285.5	2987299.0	1	0.0184648805213613	0.003258508327299	0.0213613323678493	59
PATRIC:2570561.3	4319537.0	1	0.0106194690265486	0.0037926675094816	0.0141592920353982	56
PATRIC:2572594.3	3766904.0	1	0.0040485829959514	0.0054945054945054	0.0095430884904569	33
PATRIC:2583851.3	2691279.0	1	0.0036407766990291	0.0004045307443365	0.0040453074433656	10
PATRIC:2584940.3	5037225.0	0	0.0109034267912772	0.0011125945705384	0.0120160213618157	54
PATRIC:2585771.3	3409178.0	1	0.0021263669501822	0.0009113001215066	0.0030376670716889	10
PATRIC:2594004.3	3934786.0	1	0.0086855819339895	0.0008685581933989	0.0095541401273885	33
PATRIC:2594269.3	3040096.0	1	0.0073382254836557	0.000667111407605	0.0080053368912608	24
PATRIC:2596915.3	5388077.0	1	0.0065003145313482	0.0016775005242189	0.0081778150555672	39
PATRIC:2604421.3	6183078.0	1	0.003584229390681	0.0024523674778343	0.0060365968685153	32
PATRIC:2608253.3	3740082.0	1	0.011722020653084	0.0039073402176946	0.0153502651409433	55
PATRIC:264731.4	3619559.0	0	0.000349528137015	0.0	0.000349528137015	1
PATRIC:2654325.4	3000622.0	1	0.0140845070422535	0.0014084507042253	0.0154929577464788	44
PATRIC:266748.11	3137220.0	1	0.0219668807029401	0.0016897600540723	0.0236566407570125	70
PATRIC:266749.8	3288745.0	1	0.0203432930705657	0.0019071837253655	0.0222504767959313	70
PATRIC:2686077.3	4512651.0	1	0.0200693756194251	0.005203171456888	0.0250247770069375	101
PATRIC:2686078.3	4560973.0	1	0.0196319018404908	0.0034355828220858	0.0228220858895705	93
PATRIC:2686361.3	4224107.0	1	0.0149667405764966	0.0011086474501108	0.0160753880266075	58
PATRIC:2686362.3	5072468.0	1	0.0029940119760479	0.0036355859709153	0.0066295979469632	31
PATRIC:2686363.3	3783741.0	1	0.006466784244562	0.0008818342151675	0.0073486184597295	25
PATRIC:2686365.3	4638103.0	1	0.0122684026039058	0.0040060090135202	0.0162744116174261	65
PATRIC:2686366.3	4618330.0	1	0.0131987577639751	0.004399585921325	0.0175983436853002	68
PATRIC:2692134.3	8898242.0	1	0.0044196022357987	0.0015598596126348	0.0059794618484336	46
PATRIC:2694930.3	4344619.0	0	0.0085470085470085	0.0026862026862026	0.0109890109890109	45
PATRIC:2697011.3	4810040.0	1	0.0196713723675075	0.0043971302939134	0.0238370747512149	103
PATRIC:2697012.3	4501581.0	1	0.019656631002737	0.0052251803931326	0.0246329932819109	99
PATRIC:269798.16	4433218.0	1	0.0182910896263391	0.0052260256075254	0.0232558139534883	89
PATRIC:2698458.3	4352178.0	0	0.0094175960346964	0.0024783147459727	0.0114002478314745	46
PATRIC:2698672.3	4610330.0	1	0.0015737410071942	0.0035971223021582	0.0051708633093525	23
PATRIC:2703787.3	7969925.0	1	0.0057367149758454	0.0054347826086956	0.011171497584541	74
PATRIC:2704465.3	8983451.0	1	0.0079345703125	0.002197265625	0.009765625	80
PATRIC:2708110.5	3088198.0	1	0.014069264069264	0.0061327561327561	0.0202020202020202	56
PATRIC:2710596.3	8853064.0	1	0.0044960659423004	0.001373797926814	0.0058698638691145	47
PATRIC:2713414.4	3243462.0	1	0.0180722891566265	0.0006341154090044	0.0183893468611287	58
PATRIC:2719911.3	2852234.0	1	0.0148120015191796	0.0034181541967337	0.0182301557159134	48
PATRIC:2719912.3	4053756.0	1	0.0022650056625141	0.0022650056625141	0.004246885617214	15
PATRIC:2724192.3	4690582.0	1	0.0147771317829457	0.0016957364341085	0.0164728682170542	68
PATRIC:2724619.3	3543981.0	1	0.0064697609001406	0.00056258790436	0.0070323488045007	25
PATRIC:2725414.3	8363885.0	1	0.0035425818336403	0.0029757687402579	0.006234944027207	44
PATRIC:2728024.3	6049537.0	1	0.0052441229656419	0.0012658227848101	0.006509945750452	36
PATRIC:2735321.3	4879662.0	0	0.0093001627528481	0.0009300162752848	0.0102301790281329	44
PATRIC:2735870.3	5719932.0	1	0.0060313630880579	0.0016083634901487	0.0076397265782066	38
PATRIC:2738844.3	3471153.0	1	0.016866688290626	0.0016217969510217	0.0184884852416477	57
PATRIC:2740462.3	6044097.0	1	0.0023883887562006	0.0018372221201543	0.0040418886643395	22
PATRIC:2745197.3	6935613.0	0	0.0159025545592962	0.0020301133479952	0.0174251395702926	103
PATRIC:2748316.3	2837214.0	1	0.0011463507833397	0.0034390523500191	0.0045854031333588	12
PATRIC:2748319.3	3549933.0	1	0.0160703456640388	0.0042449969678593	0.0200121285627653	66
PATRIC:2748320.3	3913347.0	1	0.0216438356164383	0.004931506849315	0.0260273972602739	95
PATRIC:2758037.4	2613493.0	1	0.0177095631641086	0.0031483667847304	0.020857929948839	53
PATRIC:2761579.3	4511071.0	1	0.0163316582914572	0.0020100502512562	0.0178391959798994	71
PATRIC:2767188.3	2839245.0	1	0.0107565435640014	0.0025098601649336	0.0132664037289351	37
PATRIC:28129.11	2893847.0	0	0.0018315018315018	0.0003663003663003	0.0021978021978021	6
PATRIC:28131.10	3148117.0	0	0.0062912865681031	0.0	0.0062912865681031	20
PATRIC:28131.17	2760702.0	0	0.0076502732240437	0.0003642987249544	0.0080145719489981	22
PATRIC:28131.18	2777805.0	0	0.0074679943100995	0.0	0.0074679943100995	21
PATRIC:28131.19	2764740.0	0	0.0080556572683998	0.0	0.0080556572683998	22
PATRIC:28131.20	2890050.0	0	0.006875214850464	0.0003437607425232	0.0072189755929872	21
PATRIC:28131.22	2737112.0	0	0.0065454545454545	0.0003636363636363	0.0069090909090909	19
PATRIC:28131.23	2928459.0	0	0.0060790273556231	0.0	0.0060790273556231	18
PATRIC:28131.24	2813841.0	0	0.0060091905266878	0.0003534817956875	0.0063626723223753	18
PATRIC:28131.35	2949063.0	0	0.0067750677506775	0.0003387533875338	0.0071138211382113	21
PATRIC:28131.4	2737273.0	0	0.0066298342541436	0.0003683241252302	0.0069981583793738	19
PATRIC:28131.7	2736315.0	0	0.0069216757741347	0.0003642987249544	0.0072859744990892	20
PATRIC:28132.3	3168110.0	0	0.0053292729349067	0.0003806623524933	0.0057099352874	15
PATRIC:28132.5	3090326.0	0	0.0051587301587301	0.0003968253968253	0.0055555555555555	14
PATRIC:28135.5	3168212.0	0	0.0003381805884342	0.0003381805884342	0.0006763611768684	2
PATRIC:28188.11	2493828.0	1	0.0004178854993731	0.0054325114918512	0.0054325114918512	13
PATRIC:28188.12	2414275.0	1	0.000895255147717	0.0053715308863025	0.0058191584601611	13
PATRIC:28188.13	2455405.0	1	0.0008798944126704	0.0052793664760228	0.0057193136823581	13
PATRIC:28188.25	2555606.0	1	0.0003955696202531	0.0027689873417721	0.0027689873417721	7
PATRIC:28188.26	2528270.0	1	0.0008281573498964	0.0053830227743271	0.0057971014492753	14
PATRIC:28189.7	2640475.0	1	0.0004173622704507	0.005008347245409	0.005008347245409	12
PATRIC:313590.8	3302548.0	1	0.0063715627095908	0.0023474178403755	0.0087189805499664	26
PATRIC:313596.4	3530383.0	1	0.0015842839036755	0.0028517110266159	0.0044359949302915	14
PATRIC:313603.6	3868304.0	1	0.0011415525114155	0.002283105022831	0.0034246575342465	12
PATRIC:323450.3	5167383.0	1	0.006875	0.0027083333333333	0.0095833333333333	46
PATRIC:327575.3	2504023.0	1	0.000881445570736	0.007492287351256	0.007492287351256	17
PATRIC:34085.1007	2168142.0	1	0.0043000477783086	0.0	0.0086000955566172	18
PATRIC:34085.1256	2161891.0	1	0.0043082814743896	0.0	0.0090952608903781	19
PATRIC:34085.190	2156703.0	1	0.0043310875842155	0.0	0.0081809432146294	17
PATRIC:34085.71	2425237.0	1	0.0070306038047973	0.0004135649296939	0.0074441687344913	18
PATRIC:34085.968	2240780.0	1	0.0071620411817367	0.0004476275738585	0.0076096687555953	17
PATRIC:343403.3	3910334.0	1	0.0023872679045092	0.003183023872679	0.0055702917771883	21
PATRIC:343874.12	3759256.0	1	0.0127768313458262	0.0008517887563884	0.0136286201022146	48
PATRIC:363852.4	5373360.0	1	0.0002135839384878	0.0010679196924391	0.0012815036309269	6
PATRIC:376686.10	6096872.0	1	0.0049665711556829	0.0005730659025787	0.0097421203438395	51
PATRIC:398053.3	5352833.0	0	0.0023116933153534	0.0015411288769023	0.0038528221922558	20
PATRIC:400092.3	5462537.0	1	0.007618675522563	0.0021488571986716	0.0095721820668099	49
PATRIC:402612.5	2861988.0	1	0.0125097732603596	0.0035183737294761	0.016419077404222	42
PATRIC:411154.11	3798465.0	1	0.0022811519817507	0.0014257199885942	0.003706871970345	13
PATRIC:421525.16	2764180.0	1	0.0071377587437544	0.0010706638115631	0.0082084225553176	23
PATRIC:430522.4	6581659.0	1	0.0023021073136178	0.0015937666017354	0.0033646183814414	19
PATRIC:431947.7	2354886.0	0	0.0038910505836575	0.0004863813229571	0.0072957198443579	15
PATRIC:435591.48	5212259.0	0	0.0017563117453347	0.0002195389681668	0.0019758507135016	9
PATRIC:45243.3	2688484.0	1	0.0007977662544874	0.002792181890706	0.0035899481451934	9
PATRIC:45243.5	2688499.0	1	0.0008045052292839	0.0028157683024939	0.0036202735317779	9
PATRIC:459526.6	5377387.0	1	0.0071025694589513	0.0012533946104031	0.0085648631710883	41
PATRIC:471854.5	6967790.0	1	0.0082269979852249	0.0011752854264607	0.0094022834116856	56
PATRIC:480520.3	4064534.0	1	0.0014180374361883	0.0025524673851389	0.0039705048213272	14
PATRIC:485917.6	5167383.0	1	0.0011465260261407	0.0018344416418252	0.0027516624627379	12
PATRIC:485918.6	9127347.0	1	0.00458269684766	0.0015275656158866	0.0061102624635467	44
PATRIC:496056.4	4322684.0	0	0.0009940357852882	0.0019880715705765	0.0029821073558648	12
PATRIC:512763.3	5413467.0	0	0.0089777596408896	0.002040399918384	0.0106100795755968	52
PATRIC:516051.11	3274259.0	1	0.0022321428571428	0.0035076530612244	0.0057397959183673	18
PATRIC:521097.5	2612925.0	1	0.0009208103130755	0.0027624309392265	0.0041436464088397	9
PATRIC:531844.3	2768102.0	1	0.0180039138943248	0.0023483365949119	0.0203522504892367	52
PATRIC:558152.7	5167383.0	0	0.0137701804368471	0.0018993352326685	0.0156695156695156	66
PATRIC:564064.4	5828404.0	1	0.0050658561296859	0.0018237082066869	0.0068895643363728	34
PATRIC:584609.3	4614879.0	1	0.0197609172969016	0.0021956574774335	0.0219565747743352	90
PATRIC:616991.8	5857781.0	1	0.0018811136192626	0.0028216704288939	0.0043265613243039	23
PATRIC:63186.3	5521712.0	1	0.0049030057557024	0.0025580899594969	0.0074610957151993	35
PATRIC:639310.5	3468188.0	1	0.0126502213788741	0.0056925996204933	0.0177103099304237	56
PATRIC:649349.3	4059653.0	1	0.0040529586598216	0.0010807889759524	0.0051337476357741	19
PATRIC:651561.8	5361872.0	1	0.0200196270853778	0.0025515210991167	0.0225711481844946	115
PATRIC:655815.4	5128187.0	1	0.0010964912280701	0.0006578947368421	0.0017543859649122	8
PATRIC:669041.3	2918253.0	1	0.0046403712296983	0.0046403712296983	0.008507347254447	22
PATRIC:688270.3	4888353.0	1	0.0018437427978796	0.0029960820465545	0.0046093569946992	20
PATRIC:693978.17	2164087.0	1	0.0042877560743211	0.0	0.0080990948070509	17
PATRIC:694427.4	3685504.0	1	0.002906976744186	0.0016149870801033	0.0045219638242894	14
PATRIC:702745.6	3107673.0	1	0.0018698578908002	0.0026178010471204	0.0044876589379207	12
PATRIC:746697.3	3520671.0	1	0.0303306035790112	0.0012132241431604	0.0315438277221716	104
PATRIC:754409.6	3811479.0	1	0.0119386014781125	0.0019897669130187	0.0139283683911313	49
PATRIC:755732.3	4633577.0	1	0.0304642166344294	0.0082205029013539	0.0386847195357833	160
PATRIC:76123.5	2861432.0	0	0.0015134317063942	0.0003783579265985	0.0018917896329928	5
PATRIC:762982.68	4125322.0	0	0.0049586776859504	0.0002754820936639	0.0052341597796143	19
PATRIC:767031.3	2937589.0	0	0.0015816528272044	0.0003954132068011	0.0019770660340055	5
PATRIC:76832.21	3938030.0	1	0.0005571030640668	0.0008356545961002	0.0013927576601671	5
PATRIC:76832.7	4457748.0	1	0.0004847309743092	0.0014541929229277	0.001938923897237	8
PATRIC:79329.7	6366305.0	1	0.0040530582166543	0.0027634487840825	0.0068165070007369	37
PATRIC:79329.8	6365204.0	1	0.0040515653775322	0.0027624309392265	0.0068139963167587	37
PATRIC:79329.9	6294731.0	1	0.0037686074995289	0.0030148859996231	0.006783493499152	36
PATRIC:823.3064	4952323.0	0	0.0020742106476146	0.0002304678497349	0.0023046784973496	10
PATRIC:823.3160	5179960.0	0	0.0017989655947829	0.0002248706993478	0.0020238362941308	9
PATRIC:823.3404	5379509.0	0	0.001688832594469	0.0002111040743086	0.0018999366687777	9
PATRIC:823.3406	4926033.0	0	0.001885458402074	0.0002356823002592	0.0021211407023332	9
PATRIC:837.119	2359159.0	0	0.0077888360017308	0.0004327131112072	0.0082215491129381	19
PATRIC:837.120	2469365.0	0	0.0069021518473406	0.0004060089321965	0.0077141697117336	19
PATRIC:837.121	2478317.0	0	0.0055977608956417	0.0003998400639744	0.0067972810875649	17
PATRIC:837.122	2374087.0	0	0.0059676044330775	0.0004262574595055	0.0068201193520886	16
PATRIC:837.123	2353912.0	0	0.0064020486555697	0.0004268032437046	0.0068288518992744	16
PATRIC:837.124	2463791.0	0	0.0053191489361702	0.0004091653027823	0.0065466448445171	16
PATRIC:837.126	2482917.0	0	0.0052802599512591	0.0004061738424045	0.0064987814784727	16
PATRIC:837.127	2476166.0	0	0.0065843621399176	0.0004115226337448	0.0078189300411522	19
PATRIC:837.128	2410673.0	0	0.0066445182724252	0.0004152823920265	0.0074750830564784	18
PATRIC:837.129	2254720.0	0	0.0067720090293453	0.000451467268623	0.0076749435665914	17
PATRIC:837.133	2334880.0	0	0.0067174205105239	0.0004478280340349	0.0071652485445588	16
PATRIC:837.134	2343999.0	0	0.0057880676758682	0.0004452359750667	0.0071237756010685	16
PATRIC:837.83	2367029.0	0	0.005731922398589	0.0004409171075837	0.0070546737213403	16
PATRIC:860228.4	2571406.0	1	0.0004185851820845	0.0033486814566764	0.0033486814566764	8
PATRIC:862126.3	7811413.0	0	0.0008515469770082	0.0021288674425205	0.0029804144195288	21
PATRIC:865938.3	2272954.0	1	0.0139017608897126	0.000463392029657	0.0143651529193697	31
PATRIC:867900.3	3765936.0	1	0.002729754322111	0.0036396724294813	0.0057628146800121	19
PATRIC:878220.3	5503743.0	1	0.015378548895899	0.0011829652996845	0.0165615141955835	84
PATRIC:880074.29	3076856.0	0	0.0118212042851865	0.000369412633912	0.0121906169190986	33
PATRIC:886377.3	3842422.0	1	0.0008307947936859	0.0022154527831625	0.0030462475768485	11
PATRIC:908937.9	3350206.0	0	0.003110957483581	0.0003456619426201	0.0034566194262011	10
PATRIC:926562.3	4000057.0	1	0.0318080357142857	0.0053013392857142	0.037109375	133
PATRIC:935222.4	3799679.0	1	0.004653868528214	0.0034904013961605	0.0081442699243746	28
PATRIC:96345.194	2836981.0	1	0.0157148332694518	0.004216174779609	0.0210808738980452	55
PATRIC:96345.196	2860399.0	1	0.0122324159021406	0.0042048929663608	0.0172018348623853	45
PATRIC:96345.197	2860399.0	1	0.010703363914373	0.0042048929663608	0.0156727828746177	41
PATRIC:96345.29	2736292.0	1	0.0087197780420134	0.0031708283789139	0.0122869599682917	31
PATRIC:96345.30	2684585.0	1	0.0077141697117336	0.003248071457572	0.0113682501015022	28
PATRIC:96345.31	2699386.0	1	0.0085020242914979	0.0032388663967611	0.0121457489878542	30
PATRIC:96345.32	2698020.0	1	0.0088924818108326	0.0028294260307194	0.0121261115602263	30
PATRIC:96345.55	2900735.0	1	0.0135680234690135	0.004033736707004	0.0183351668500183	50
PATRIC:979.3	3824196.0	1	0.0035928143712574	0.0032934131736526	0.0062874251497005	21
PATRIC:979.7	3952957.0	1	0.0048724562912009	0.0045858412152479	0.0088850673545428	31
PATRIC:983544.3	3296168.0	1	0.0093802345058626	0.0023450586264656	0.0117252931323283	35
PATRIC:983548.3	3389993.0	1	0.0025923525599481	0.0025923525599481	0.0051847051198963	16
PATRIC:986.7	5109718.0	1	0.0081632653061224	0.0022675736961451	0.0104308390022675	46
PATRIC:996.10	3329120.0	1	0.0106128038343033	0.0030811365970558	0.0136939404313591	40
PATRIC:996.217	3261404.0	1	0.0118203309692671	0.0027017899358324	0.0145221209050996	43
PATRIC:996.23	3171081.0	1	0.013083451202263	0.0028288543140028	0.0159123055162659	45
PATRIC:996.276	3221312.0	1	0.012914485165794	0.0027923211169284	0.0157068062827225	45
PATRIC:996.277	3221278.0	1	0.0128294036061026	0.0027739251040221	0.0156033287101248	45
PATRIC:996.278	3221284.0	1	0.0128294036061026	0.0027739251040221	0.0156033287101248	45
PATRIC:996.279	3221316.0	1	0.0128249566724436	0.0027729636048526	0.0155979202772963	45
PATRIC:996.280	3221291.0	1	0.0128516846127127	0.0027787426189649	0.0156304272316776	45
PATRIC:996.281	3221309.0	1	0.0128027681660899	0.0027681660899653	0.0155709342560553	45
PATRIC:996.282	3221300.0	1	0.0128071997230875	0.0027691242644513	0.0155763239875389	45
PATRIC:996.283	3221299.0	1	0.0128383067314365	0.0027758501040943	0.0156141568355308	45
PATRIC:996.284	3221281.0	1	0.0128249566724436	0.0027729636048526	0.0155979202772963	45
PATRIC:996.285	3221303.0	1	0.0127850725639253	0.0027643400138217	0.015549412577747	45
PATRIC:996.286	3221306.0	1	0.0128071997230875	0.0027691242644513	0.0155763239875389	45
PATRIC:996.287	3221293.0	1	0.0127850725639253	0.0027643400138217	0.015549412577747	45
PATRIC:996.288	3221290.0	1	0.0128650904033379	0.0027816411682892	0.0156467315716272	45
PATRIC:996.289	3221305.0	1	0.0128740431454418	0.0027835768963117	0.0156576200417536	45
PATRIC:996.290	3261133.0	1	0.0118243243243243	0.0027027027027027	0.014527027027027	43
PATRIC:996.292	3261248.0	1	0.0118203309692671	0.0027017899358324	0.0145221209050996	43
PATRIC:996.293	3261110.0	1	0.0118323191345503	0.0027045300878972	0.0145368492224476	43
PATRIC:996.294	3261108.0	1	0.0118323191345503	0.0027045300878972	0.0145368492224476	43
PATRIC:996.297	3261078.0	1	0.0118163403106009	0.0027008777852802	0.0145172180958811	43
PATRIC:996.299	3261159.0	1	0.0118243243243243	0.0027027027027027	0.014527027027027	43
PATRIC:996.300	3261163.0	1	0.0118243243243243	0.0027027027027027	0.014527027027027	43
PATRIC:996.301	3261270.0	1	0.0118283203785062	0.0027036160865157	0.0145319364650219	43
PATRIC:996.7	3321600.0	1	0.0114516672280229	0.003031323678006	0.0144829909060289	43
PATRIC:996801.5	4125014.0	1	0.0146644106034968	0.0022560631697687	0.0166384658770445	59
GenBank:GCA_000152945.2	2961474.0	1	0.010246679316888	0.0026565464895635	0.0129032258064516	34
GenBank:GCA_000153485.2	4321832.0	1	0.0144639818491208	0.0014180374361883	0.0158820192853091	56
GenBank:GCA_000455605.1	2993089.0	1	0.0160988393859977	0.0048670909771621	0.0209659303631598	56
GenBank:GCA_000468615.2	4635105.0	1	0.0042609853528628	0.0031957390146471	0.0074567243675099	28
GenBank:GCA_000477035.2	4560540.0	1	0.0037573805689747	0.0029522275899087	0.0067096081588835	25
GenBank:GCA_001670765.2	2509140.0	1	0.0041237113402061	0.0004123711340206	0.0045360824742268	11
GenBank:GCA_002007065.3	5867608.0	1	0.006883604505632	0.0027117229870671	0.0095953274926992	46
GenBank:GCA_003008415.2	3046750.0	1	0.0142909490655917	0.0062293880542323	0.0205203371198241	56
GenBank:GCA_003008475.2	3046750.0	1	0.0142909490655917	0.0062293880542323	0.0205203371198241	56
GenBank:GCA_003265305.2	2920169.0	0	0.0047660311958405	0.0004332755632582	0.0051993067590987	12
GenBank:GCA_003286415.2	7632803.0	1	0.0011326860841423	0.0021035598705501	0.0032362459546925	20
GenBank:GCA_003286425.2	7719698.0	1	0.0004560656734569	0.0012161751292186	0.0016722408026755	11
GenBank:GCA_003815915.1	4253895.0	1	0.0161248374512353	0.0036410923276983	0.0197659297789336	76
