Identifier	Sequence-length	motility	TypeA_CDS	TypeB_CDS	CTD_CDS	total
1227739.3	5252070.0	0	0.0134710372698697	0.0022451728783116	0.0157162101481814	70.0
1385664.3	4360029.0	1	0.0081643402686331	0.0010534632604687	0.0092178035291019	35.0
553174.6	3168282.0	0	0.0046121593291404	0.0	0.0046121593291404	11.0
643867.3	4516490.0	1	0.0086668366046393	0.0025490695895997	0.0109609992352791	43.0
GCA_000024525.1	8491258.0	1	0.0053260400172736	0.001151576219951	0.0064776162372247	45.0
GCA_000163055.2	2480269.0	0	0.0066326530612244	0.0005102040816326	0.0071428571428571	14.0
GCA_001262015.1	3261806.0	0	0.0016460905349794	0.0004115226337448	0.0020576131687242	5.0
GCA_002849795.1	3913006.0	0	0.0035889070146818	0.0003262642740619	0.0039151712887438	12.0
GCA_003815775.1	4890621.0	1	0.016590909090909	0.0027272727272727	0.0193181818181818	85.0
1014.5	2287133.0	1	0.0157942238267148	0.0009025270758122	0.016696750902527	37.0
1017.4	2838633.0	1	0.0	0.0035486160397444	0.0035486160397444	10.0
1019.3	3074746.0	1	0.0007034822370735	0.0052761167780513	0.0056278578965881	16.0
1019.4	2855148.0	1	0.0003859513701273	0.0057892705519104	0.0057892705519104	15.0
1019.5	3098616.0	1	0.0003472222222222	0.0055555555555555	0.0055555555555555	16.0
1019.50	5167383.0	1	0.0003668378576669	0.0058694057226705	0.0058694057226705	16.0
1030843.3	2339898.0	0	0.0064575645756457	0.0004612546125461	0.0069188191881918	15.0
1034807.5	3559884.0	1	0.0102688009664753	0.0015101177891875	0.0117789187556629	39.0
1041826.3	3162865.0	1	0.0110241820768136	0.0021337126600284	0.0131578947368421	37.0
104268.24	3358580.0	1	0.0045572916666666	0.00390625	0.0084635416666666	26.0
107401.14	3435971.0	1	0.0141553947782321	0.0025165146272412	0.0157282164202579	50.0
107401.17	3333272.0	1	0.015359477124183	0.0026143790849673	0.0169934640522875	52.0
1118202.5	2120336.0	1	0.0094029149036201	0.0	0.0094029149036201	20.0
1122984.13	2674170.0	0	0.0068104426787741	0.0003783579265985	0.0071888006053726	19.0
1124835.10	5458793.0	1	0.0158529994595568	0.0019816249324446	0.0178346243920014	99.0
1168034.5	5132075.0	1	0.0034090909090909	0.0006818181818181	0.004090909090909	18.0
1170699.3	3708790.0	1	0.0053491827637444	0.0041604754829123	0.0092124814264487	31.0
1178778.3	4639957.0	1	0.0013723696248856	0.0036596523330283	0.0050320219579139	22.0
1211326.4	7959595.0	1	0.0044241472812901	0.0014271442842871	0.0058512915655772	41.0
1218801.3	5500985.0	1	0.0172272354388843	0.0026661197703035	0.0198933552091878	97.0
1228997.3	2309519.0	1	0.0072300045187528	0.0	0.0072300045187528	16.0
1229726.3	4007868.0	1	0.0052040536839222	0.0024650780608052	0.0076691317447274	28.0
1241978.4	5104943.0	1	0.0121852152721364	0.0020308692120227	0.0142160844841592	70.0
1241978.5	5318634.0	1	0.0126482213438735	0.0017786561264822	0.0144268774703557	73.0
1241979.4	3230102.0	1	0.0092356687898089	0.0012738853503184	0.0105095541401273	33.0
1241981.7	5618212.0	1	0.02242668200115	0.002875215641173	0.0253018976423231	132.0
1241981.8	5618200.0	1	0.0223880597014925	0.0028702640642939	0.0252583237657864	132.0
1241982.8	5602501.0	1	0.0175637393767705	0.0018885741265344	0.019452313503305	103.0
1265445.3	4376354.0	1	0.0131045985227543	0.0026209197045508	0.0157255182273052	66.0
1300343.5	3293944.0	1	0.0070257611241217	0.0046838407494145	0.0117096018735363	35.0
1306519.4	3851214.0	1	0.0049049662783568	0.0027590435315757	0.0076640098099325	25.0
1307832.4	3350939.0	0	0.0031289111389236	0.0003128911138923	0.003441802252816	11.0
1307839.5	4812386.0	1	0.0217854605730523	0.0018943878759175	0.0236798484489699	100.0
1316593.3	2682541.0	1	0.0008113590263691	0.0036511156186612	0.0040567951318458	10.0
1316596.3	2990835.0	1	0.0007052186177715	0.005641748942172	0.005641748942172	16.0
1324352.13	4338935.0	1	0.018649193548387	0.003024193548387	0.0216733870967741	86.0
1324352.5	4633632.0	1	0.0171115674195756	0.0027378507871321	0.0198494182067077	87.0
1336795.4	2016454.0	1	0.0141074335322843	0.0048833423765599	0.0189907759088442	35.0
1354240.3	2234477.0	1	0.0065573770491803	0.0	0.0065573770491803	14.0
1355330.4	4621116.0	1	0.0110055027513756	0.0027513756878439	0.0137568784392196	55.0
1379870.5	7029352.0	1	0.005859375	0.001953125	0.0078125	48.0
1383885.3	3772469.0	1	0.0025810151993117	0.0037281330656724	0.0063091482649842	22.0
1385663.3	3777136.0	0	0.0113230035756853	0.00238379022646	0.0134088200238379	45.0
1403335.5	2378872.0	0	0.0048715677590788	0.0004428697962798	0.0070859167404783	16.0
1403336.3	2372492.0	0	0.0078947368421052	0.000438596491228	0.0087719298245614	20.0
1403338.3	2249024.0	0	0.0069444444444444	0.0004629629629629	0.0074074074074074	16.0
1452724.4	2715909.0	1	0.0057166190281747	0.0012249897917517	0.0187831768068599	46.0
1452725.4	2835130.0	1	0.0120952009364026	0.0042918454935622	0.0167772142021069	43.0
1453352.7	3569807.0	1	0.0027214998488055	0.0027214998488055	0.0048382219534321	16.0
1454006.9	3303986.0	1	0.0133287764866712	0.0027341079972658	0.0160628844839371	47.0
1455062.3	2184066.0	1	0.0037664783427495	0.0	0.0084745762711864	18.0
1458492.3	4065010.0	1	0.0016592920353982	0.0022123893805309	0.0038716814159292	14.0
1476901.3	2884293.0	1	0.0134278254382693	0.0044759418127564	0.0179037672510257	48.0
1486034.3	3192399.0	1	0.0157397691500524	0.0062959076600209	0.0213361315145155	61.0
1492737.5	4402594.0	1	0.003462050599201	0.0029294274300932	0.0063914780292942	24.0
1124835.11	5459074.0	1	0.0182128628343767	0.0020868905331056	0.0202997533674824	107.0
1271752.3	2166321.0	1	0.004364694471387	0.0	0.007274490785645	15.0
1379909.4	4143738.0	0	0.0102577590741714	0.0031562335612835	0.0128879537085744	49.0
1727164.3	6147290.0	1	0.0003696857670979	0.0014787430683918	0.0014787430683918	8.0
1913577.3	2978889.0	1	0.003349460364719	0.0014886490509862	0.0048381094157052	13.0
2057025.3	8794837.0	1	0.0037484885126964	0.0018137847642079	0.0055622732769044	46.0
2183896.3	5877431.0	1	0.0066328521264143	0.0025360905189231	0.0087787748731954	45.0
2487071.3	3276391.0	1	0.014366021236727	0.0006246096189881	0.0149906308557151	48.0
253.53	4866345.0	1	0.0179352580927384	0.0021872265966754	0.0201224846894138	92.0
2602769.3	3985855.0	1	0.0168359166221272	0.0061464457509353	0.0219134152859433	82.0
2697009.3	4533039.0	1	0.0258974358974358	0.0066666666666666	0.0325641025641025	127.0
2725416.3	8511252.0	1	0.0038028169014084	0.0029577464788732	0.0064788732394366	46.0
28131.21	2775833.0	0	0.0081906180193596	0.0003723008190618	0.0085629188384214	23.0
319236.5	2835711.0	0	0.0135236664162283	0.0037565740045078	0.0169045830202855	45.0
435591.13	4811379.0	0	0.0015329586101175	0.0	0.0015329586101175	6.0
592029.3	3914632.0	1	0.0206070732386521	0.0038986354775828	0.0242272347535505	87.0
762903.4	4635236.0	1	0.0057629666750187	0.0012528188423953	0.0070157855174141	28.0
837.125	2353520.0	0	0.006457167455876	0.0004304778303917	0.0068876452862677	16.0
96345.136	2783852.0	1	0.0042405551272166	0.0007710100231303	0.0188897455666923	49.0
996.27	3032078.0	1	0.0125368731563421	0.0029498525073746	0.0154867256637168	42.0
996.291	3261175.0	1	0.0118243243243243	0.0027027027027027	0.014527027027027	43.0
GCA_000242635.3	5202069.0	1	0.0020833333333333	0.0032407407407407	0.0046296296296296	20.0
1529069.3	5167383.0	1	0.012968804766912	0.0014020329477742	0.0143708377146862	41.0
1583100.3	4155464.0	1	0.0011010184420589	0.001926782273603	0.0030278007156619	11.0
1585976.7	2036890.0	1	0.0133951571354971	0.0	0.0133951571354971	26.0
1617283.4	5497186.0	1	0.0064799331103678	0.0020903010033444	0.0085702341137123	41.0
1622118.21	2966978.0	1	0.0063527653213751	0.0011210762331838	0.007473841554559	20.0
1628248.4	2839791.0	1	0.0086799276672694	0.0010849909584086	0.0097649186256781	27.0
1644130.3	4399611.0	1	0.0033862985152383	0.0039072675175827	0.007293566032821	28.0
1705617.3	2614527.0	1	0.0012631578947368	0.0042105263157894	0.0050526315789473	12.0
1714848.3	5461560.0	1	0.0220634587098129	0.0023114099600756	0.0243748686698886	116.0
1714849.3	6087890.0	1	0.0204667176740627	0.0026778882938026	0.0231446059678653	121.0
1714860.3	6011237.0	1	0.0249564712710388	0.0023215322112594	0.0272780034822983	141.0
1717717.3	5718991.0	1	0.0031094527363184	0.0022802653399668	0.0053897180762852	26.0
1721091.3	4077766.0	1	0.0197132616487455	0.0043522785458269	0.0240655401945724	94.0
1729720.4	4086550.0	1	0.0018626929217668	0.0010643959552953	0.0029270888770622	11.0
1736674.21	3994770.0	1	0.0140762463343108	0.0017595307917888	0.0158357771260997	54.0
1761453.3	4707469.0	1	0.0023872045834328	0.0038195273334924	0.0062067319169252	26.0
1763534.5	3027315.0	1	0.005946135012242	0.0013990905911157	0.0073452256033578	21.0
1774273.5	3809314.0	1	0.0119688809096349	0.0023937761819269	0.0143626570915619	48.0
1784713.4	2970356.0	1	0.0251665433012583	0.005181347150259	0.0296076980014803	80.0
1803846.4	5665358.0	1	0.0234653257909071	0.0027236538864445	0.0261889796773517	125.0
1834519.3	6408035.0	1	0.0059259259259259	0.0018518518518518	0.0077777777777777	42.0
1836467.11	4271158.0	1	0.0042060988433228	0.0047318611987381	0.0089379600420609	34.0
1848904.3	2831350.0	1	0.001131221719457	0.0041478129713423	0.004524886877828	12.0
1850246.3	3426122.0	1	0.0139338950097213	0.0035644847699287	0.0168502916396629	52.0
1850252.3	3019213.0	1	0.0055005500550055	0.0029336266960029	0.0084341767510084	23.0
1871047.42	2757396.0	1	0.0148643626904496	0.0029728725380899	0.0178372352285395	48.0
1888915.11	3800626.0	1	0.0193073858412503	0.0012258657676984	0.0205332516089488	67.0
188932.3	5950539.0	1	0.0005687203791469	0.0013270142180094	0.0017061611374407	9.0
1932669.4	5227721.0	1	0.01727601446364	0.0024106066693451	0.0196866211329851	98.0
1936080.3	3349669.0	1	0.0207509881422924	0.0049407114624505	0.0250329380764163	76.0
1936081.3	3752836.0	1	0.0137395459976105	0.0026881720430107	0.0161290322580645	54.0
1945657.3	2632967.0	1	0.0004258943781942	0.0063884156729131	0.0063884156729131	15.0
1945658.3	2633192.0	1	0.0004230118443316	0.0054991539763113	0.0054991539763113	13.0
1979344.3	5563897.0	1	0.0070835863185589	0.001619105444242	0.008702691762801	43.0
1981981.3	4224053.0	1	0.0085663895187704	0.0032753842277651	0.0115898211136306	46.0
2025876.3	5372666.0	0	0.0012575979878432	0.0002095996646405	0.0014671976524837	7.0
2027857.3	4858325.0	1	0.0143061516452074	0.0023843586075345	0.016690510252742	70.0
2029983.3	5279921.0	1	0.0020968756552736	0.0025162507863283	0.004613126441602	22.0
203275.8	3405521.0	0	0.0041265474552957	0.0	0.0041265474552957	12.0
2038776.3	3716699.0	1	0.0172121896162528	0.0011286681715575	0.0183408577878103	65.0
2049305.4	4130958.0	1	0.0067497403946002	0.0020768431983385	0.0088265835929387	34.0
2057808.3	3666763.0	1	0.0192829165411268	0.0042181379933714	0.0231997589635432	77.0
2058134.3	3184776.0	1	0.0124161073825503	0.0036912751677852	0.0157718120805369	47.0
2058135.3	4314320.0	1	0.0150012712941774	0.0040681413679125	0.0188151538265954	74.0
2058137.3	3567309.0	1	0.0082697201017811	0.0012722646310432	0.0095419847328244	30.0
2069432.3	4116543.0	1	0.0140360169491525	0.0013241525423728	0.0153601694915254	58.0
2086471.3	6225914.0	1	0.0115263060048336	0.0020449897750511	0.0131994794571481	71.0
209053.3	3412686.0	1	0.0012383900928792	0.0040247678018575	0.004953560371517	16.0
2094025.3	3182272.0	1	0.0199039121482498	0.004118050789293	0.0240219629375428	70.0
2126553.4	4380140.0	1	0.0022145669291338	0.0012303149606299	0.0034448818897637	14.0
2162713.3	3464207.0	1	0.0293746051800379	0.0050536955148452	0.0337965887555274	107.0
216432.7	2952962.0	1	0.0129725722757598	0.0003706449221645	0.0133432171979243	36.0
2173169.3	3623447.0	1	0.0054347826086956	0.0027173913043478	0.0081521739130434	27.0
2175091.3	3983546.0	1	0.020463112547119	0.0064620355411954	0.026117393645665	97.0
2201271.3	6198518.0	1	0.0013544891640866	0.0027089783281733	0.0032894736842105	17.0
2249356.3	4839571.0	1	0.0053813757604117	0.00280767430978	0.0081890500701918	35.0
2259595.3	7162093.0	0	0.0051401869158878	0.0023364485981308	0.0074766355140186	48.0
2282170.3	5482391.0	1	0.021811383464894	0.0033236393851267	0.0249272953884503	120.0
2319843.3	4188814.0	1	0.010515247108307	0.0026288117770767	0.0126182965299684	48.0
237258.26	2759562.0	1	0.008751902587519	0.002283105022831	0.0106544901065449	28.0
246.12	4974086.0	1	0.0182990226658348	0.0031191515907673	0.0214181742566022	103.0
246787.4	7084828.0	0	0.0031391698639693	0.0	0.0031391698639693	18.0
247.6	3636346.0	1	0.0144762986091399	0.0005676979846721	0.015043996593812	53.0
247.7	3794924.0	1	0.0129729729729729	0.0008108108108108	0.0137837837837837	51.0
2478552.3	4935222.0	1	0.0067303517151541	0.0021710811984368	0.0089014329135909	41.0
2487064.3	5038771.0	1	0.0187486833789761	0.0027385717295133	0.0214872551084895	102.0
2487072.3	3367586.0	1	0.0115214180206794	0.0002954209748892	0.0118168389955686	40.0
2487073.3	2469733.0	0	0.0064438179621425	0.0008054772452678	0.0072492952074103	18.0
2494375.3	3682614.0	1	0.020656479909451	0.0019807583474816	0.0226372382569326	80.0
2496865.3	4016247.0	1	0.0033057851239669	0.0049586776859504	0.0077134986225895	28.0
2496866.3	2872100.0	1	0.0114729829755736	0.0025906735751295	0.0140636565507031	38.0
250.34	3685675.0	1	0.0143824027072758	0.003102086858432	0.0174844895657078	62.0
250.7	5606922.0	1	0.0137469812372283	0.0016719301504737	0.015418911387702	83.0
2500547.3	3293048.0	1	0.0087424344317417	0.0016812373907195	0.0104236718224613	31.0
2502781.3	5086993.0	1	0.010252904989747	0.0015948963317384	0.0118478013214855	52.0
2507538.3	3067493.0	1	0.0010145417653026	0.0027054447074737	0.0037199864727764	11.0
2518177.3	3130338.0	1	0.0292134831460674	0.0071161048689138	0.0363295880149812	97.0
2520506.3	8664091.0	1	0.0049215216812982	0.0018621973929236	0.0067837190742218	51.0
2529032.3	3475698.0	1	0.0016155088852988	0.0019386106623586	0.0035541195476575	11.0
253.39	4888827.0	1	0.0181143605412483	0.0024006983849847	0.020515058926233	94.0
253.54	4922946.0	1	0.0174908227164759	0.0021593608291945	0.0196501835456704	91.0
253.62	5058360.0	1	0.017725258493353	0.0023211648027009	0.020046423296054	95.0
253.89	5069906.0	1	0.0173821989528795	0.0023036649214659	0.0196858638743455	94.0
254.12	4191778.0	1	0.014388489208633	0.0034730836020838	0.0178615728107169	72.0
2545799.3	2652717.0	1	0.0012376237623762	0.0066006600660066	0.007013201320132	17.0
2547600.3	3139453.0	1	0.0090614886731391	0.0016181229773462	0.0106796116504854	33.0
2562285.5	2987299.0	1	0.0184648805213613	0.003258508327299	0.0213613323678493	59.0
2570561.3	4319537.0	1	0.0106194690265486	0.0037926675094816	0.0141592920353982	56.0
2572594.3	3766904.0	1	0.0040485829959514	0.0054945054945054	0.0095430884904569	33.0
2583851.3	2691279.0	1	0.0036407766990291	0.0004045307443365	0.0040453074433656	10.0
2585771.3	3409178.0	1	0.0021263669501822	0.0009113001215066	0.0030376670716889	10.0
2594004.3	3934786.0	1	0.0086855819339895	0.0008685581933989	0.0095541401273885	33.0
2594269.3	3040096.0	1	0.0073382254836557	0.000667111407605	0.0080053368912608	24.0
2596915.3	5388077.0	1	0.0065003145313482	0.0016775005242189	0.0081778150555672	39.0
2604421.3	6183078.0	1	0.003584229390681	0.0024523674778343	0.0060365968685153	32.0
2608253.3	3740082.0	1	0.011722020653084	0.0039073402176946	0.0153502651409433	55.0
264731.4	3619559.0	0	0.000349528137015	0.0	0.000349528137015	1.0
2654325.4	3000622.0	1	0.0140845070422535	0.0014084507042253	0.0154929577464788	44.0
266748.11	3137220.0	1	0.0219668807029401	0.0016897600540723	0.0236566407570125	70.0
266749.8	3288745.0	1	0.0203432930705657	0.0019071837253655	0.0222504767959313	70.0
2686077.3	4512651.0	1	0.0200693756194251	0.005203171456888	0.0250247770069375	101.0
2686078.3	4560973.0	1	0.0196319018404908	0.0034355828220858	0.0228220858895705	93.0
2692134.3	8898242.0	1	0.0044196022357987	0.0015598596126348	0.0059794618484336	46.0
2694930.3	4344619.0	0	0.0085470085470085	0.0026862026862026	0.0109890109890109	45.0
269798.16	4433218.0	1	0.0182910896263391	0.0052260256075254	0.0232558139534883	89.0
2698458.3	4352178.0	0	0.0094175960346964	0.0024783147459727	0.0114002478314745	46.0
2698672.3	4610330.0	1	0.0015737410071942	0.0035971223021582	0.0051708633093525	23.0
2703787.3	7969925.0	1	0.0057367149758454	0.0054347826086956	0.011171497584541	74.0
2704465.3	8983451.0	1	0.0079345703125	0.002197265625	0.009765625	80.0
2708110.5	3088198.0	1	0.014069264069264	0.0061327561327561	0.0202020202020202	56.0
2710596.3	8853064.0	1	0.0044960659423004	0.001373797926814	0.0058698638691145	47.0
2713414.4	3243462.0	1	0.0180722891566265	0.0006341154090044	0.0183893468611287	58.0
2724192.3	4690582.0	1	0.0147771317829457	0.0016957364341085	0.0164728682170542	68.0
2725414.3	8363885.0	1	0.0035425818336403	0.0029757687402579	0.006234944027207	44.0
2735321.3	4879662.0	0	0.0093001627528481	0.0009300162752848	0.0102301790281329	44.0
2735870.3	5719932.0	1	0.0060313630880579	0.0016083634901487	0.0076397265782066	38.0
2738844.3	3471153.0	1	0.016866688290626	0.0016217969510217	0.0184884852416477	57.0
2740462.3	6044097.0	1	0.0023883887562006	0.0018372221201543	0.0040418886643395	22.0
2745197.3	6935613.0	0	0.0159025545592962	0.0020301133479952	0.0174251395702926	103.0
2748316.3	2837214.0	1	0.0011463507833397	0.0034390523500191	0.0045854031333588	12.0
2748320.3	3913347.0	1	0.0216438356164383	0.004931506849315	0.0260273972602739	95.0
2758037.4	2613493.0	1	0.0177095631641086	0.0031483667847304	0.020857929948839	53.0
2761579.3	4511071.0	1	0.0163316582914572	0.0020100502512562	0.0178391959798994	71.0
28129.11	2893847.0	0	0.0018315018315018	0.0003663003663003	0.0021978021978021	6.0
28131.10	3148117.0	0	0.0062912865681031	0.0	0.0062912865681031	20.0
28131.17	2760702.0	0	0.0076502732240437	0.0003642987249544	0.0080145719489981	22.0
28131.18	2777805.0	0	0.0074679943100995	0.0	0.0074679943100995	21.0
28131.19	2764740.0	0	0.0080556572683998	0.0	0.0080556572683998	22.0
28131.20	2890050.0	0	0.006875214850464	0.0003437607425232	0.0072189755929872	21.0
28131.22	2737112.0	0	0.0065454545454545	0.0003636363636363	0.0069090909090909	19.0
28131.23	2928459.0	0	0.0060790273556231	0.0	0.0060790273556231	18.0
28131.24	2813841.0	0	0.0060091905266878	0.0003534817956875	0.0063626723223753	18.0
28131.35	2949063.0	0	0.0067750677506775	0.0003387533875338	0.0071138211382113	21.0
28131.4	2737273.0	0	0.0066298342541436	0.0003683241252302	0.0069981583793738	19.0
28131.7	2736315.0	0	0.0069216757741347	0.0003642987249544	0.0072859744990892	20.0
28132.3	3168110.0	0	0.0053292729349067	0.0003806623524933	0.0057099352874	15.0
28132.5	3090326.0	0	0.0051587301587301	0.0003968253968253	0.0055555555555555	14.0
28135.5	3168212.0	0	0.0003381805884342	0.0003381805884342	0.0006763611768684	2.0
28188.11	2493828.0	1	0.0004178854993731	0.0054325114918512	0.0054325114918512	13.0
28188.12	2414275.0	1	0.000895255147717	0.0053715308863025	0.0058191584601611	13.0
28188.13	2455405.0	1	0.0008798944126704	0.0052793664760228	0.0057193136823581	13.0
28188.26	2528270.0	1	0.0008281573498964	0.0053830227743271	0.0057971014492753	14.0
28189.7	2640475.0	1	0.0004173622704507	0.005008347245409	0.005008347245409	12.0
313590.8	3302548.0	1	0.0063715627095908	0.0023474178403755	0.0087189805499664	26.0
313596.4	3530383.0	1	0.0015842839036755	0.0028517110266159	0.0044359949302915	14.0
313603.6	3868304.0	1	0.0011415525114155	0.002283105022831	0.0034246575342465	12.0
323450.3	5167383.0	1	0.006875	0.0027083333333333	0.0095833333333333	46.0
327575.3	2504023.0	1	0.000881445570736	0.007492287351256	0.007492287351256	17.0
34085.1256	2161891.0	1	0.0043082814743896	0.0	0.0090952608903781	19.0
34085.190	2156703.0	1	0.0043310875842155	0.0	0.0081809432146294	17.0
34085.71	2425237.0	1	0.0070306038047973	0.0004135649296939	0.0074441687344913	18.0
34085.968	2240780.0	1	0.0071620411817367	0.0004476275738585	0.0076096687555953	17.0
343403.3	3910334.0	1	0.0023872679045092	0.003183023872679	0.0055702917771883	21.0
343874.12	3759256.0	1	0.0127768313458262	0.0008517887563884	0.0136286201022146	48.0
363852.4	5373360.0	1	0.0002135839384878	0.0010679196924391	0.0012815036309269	6.0
376686.10	6096872.0	1	0.0049665711556829	0.0005730659025787	0.0097421203438395	51.0
398053.3	5352833.0	0	0.0023116933153534	0.0015411288769023	0.0038528221922558	20.0
400092.3	5462537.0	1	0.007618675522563	0.0021488571986716	0.0095721820668099	49.0
402612.5	2861988.0	1	0.0125097732603596	0.0035183737294761	0.016419077404222	42.0
411154.11	3798465.0	1	0.0022811519817507	0.0014257199885942	0.003706871970345	13.0
430522.4	6581659.0	1	0.0023021073136178	0.0015937666017354	0.0033646183814414	19.0
431947.7	2354886.0	0	0.0038910505836575	0.0004863813229571	0.0072957198443579	15.0
45243.5	2688499.0	1	0.0008045052292839	0.0028157683024939	0.0036202735317779	9.0
471854.5	6967790.0	1	0.0082269979852249	0.0011752854264607	0.0094022834116856	56.0
480520.3	4064534.0	1	0.0014180374361883	0.0025524673851389	0.0039705048213272	14.0
485917.6	5167383.0	1	0.0011465260261407	0.0018344416418252	0.0027516624627379	12.0
485918.6	9127347.0	1	0.00458269684766	0.0015275656158866	0.0061102624635467	44.0
496056.4	4322684.0	0	0.0009940357852882	0.0019880715705765	0.0029821073558648	12.0
516051.11	3274259.0	1	0.0022321428571428	0.0035076530612244	0.0057397959183673	18.0
521097.5	2612925.0	1	0.0009208103130755	0.0027624309392265	0.0041436464088397	9.0
531844.3	2768102.0	1	0.0180039138943248	0.0023483365949119	0.0203522504892367	52.0
564064.4	5828404.0	1	0.0050658561296859	0.0018237082066869	0.0068895643363728	34.0
584609.3	4614879.0	1	0.0197609172969016	0.0021956574774335	0.0219565747743352	90.0
63186.3	5521712.0	1	0.0049030057557024	0.0025580899594969	0.0074610957151993	35.0
639310.5	3468188.0	1	0.0126502213788741	0.0056925996204933	0.0177103099304237	56.0
649349.3	4059653.0	1	0.0040529586598216	0.0010807889759524	0.0051337476357741	19.0
655815.4	5128187.0	1	0.0010964912280701	0.0006578947368421	0.0017543859649122	8.0
669041.3	2918253.0	1	0.0046403712296983	0.0046403712296983	0.008507347254447	22.0
688270.3	4888353.0	1	0.0018437427978796	0.0029960820465545	0.0046093569946992	20.0
694427.4	3685504.0	1	0.002906976744186	0.0016149870801033	0.0045219638242894	14.0
746697.3	3520671.0	1	0.0303306035790112	0.0012132241431604	0.0315438277221716	104.0
754409.6	3811479.0	1	0.0119386014781125	0.0019897669130187	0.0139283683911313	49.0
755732.3	4633577.0	1	0.0304642166344294	0.0082205029013539	0.0386847195357833	160.0
76123.5	2861432.0	0	0.0015134317063942	0.0003783579265985	0.0018917896329928	5.0
767031.3	2937589.0	0	0.0015816528272044	0.0003954132068011	0.0019770660340055	5.0
76832.21	3938030.0	1	0.0005571030640668	0.0008356545961002	0.0013927576601671	5.0
76832.7	4457748.0	1	0.0004847309743092	0.0014541929229277	0.001938923897237	8.0
823.3064	4952323.0	0	0.0020742106476146	0.0002304678497349	0.0023046784973496	10.0
823.3160	5179960.0	0	0.0017989655947829	0.0002248706993478	0.0020238362941308	9.0
823.3404	5379509.0	0	0.001688832594469	0.0002111040743086	0.0018999366687777	9.0
823.3406	4926033.0	0	0.001885458402074	0.0002356823002592	0.0021211407023332	9.0
837.119	2359159.0	0	0.0077888360017308	0.0004327131112072	0.0082215491129381	19.0
837.120	2469365.0	0	0.0069021518473406	0.0004060089321965	0.0077141697117336	19.0
837.121	2478317.0	0	0.0055977608956417	0.0003998400639744	0.0067972810875649	17.0
837.122	2374087.0	0	0.0059676044330775	0.0004262574595055	0.0068201193520886	16.0
837.123	2353912.0	0	0.0064020486555697	0.0004268032437046	0.0068288518992744	16.0
837.124	2463791.0	0	0.0053191489361702	0.0004091653027823	0.0065466448445171	16.0
837.126	2482917.0	0	0.0052802599512591	0.0004061738424045	0.0064987814784727	16.0
837.127	2476166.0	0	0.0065843621399176	0.0004115226337448	0.0078189300411522	19.0
837.128	2410673.0	0	0.0066445182724252	0.0004152823920265	0.0074750830564784	18.0
837.129	2254720.0	0	0.0067720090293453	0.000451467268623	0.0076749435665914	17.0
837.133	2334880.0	0	0.0067174205105239	0.0004478280340349	0.0071652485445588	16.0
837.83	2367029.0	0	0.005731922398589	0.0004409171075837	0.0070546737213403	16.0
860228.4	2571406.0	1	0.0004185851820845	0.0033486814566764	0.0033486814566764	8.0
862126.3	7811413.0	0	0.0008515469770082	0.0021288674425205	0.0029804144195288	21.0
865938.3	2272954.0	1	0.0139017608897126	0.000463392029657	0.0143651529193697	31.0
867900.3	3765936.0	1	0.002729754322111	0.0036396724294813	0.0057628146800121	19.0
878220.3	5503743.0	1	0.015378548895899	0.0011829652996845	0.0165615141955835	84.0
880074.29	3076856.0	0	0.0118212042851865	0.000369412633912	0.0121906169190986	33.0
886377.3	3842422.0	1	0.0008307947936859	0.0022154527831625	0.0030462475768485	11.0
908937.9	3350206.0	0	0.003110957483581	0.0003456619426201	0.0034566194262011	10.0
926562.3	4000057.0	1	0.0318080357142857	0.0053013392857142	0.037109375	133.0
935222.4	3799679.0	1	0.004653868528214	0.0034904013961605	0.0081442699243746	28.0
96345.194	2836981.0	1	0.0157148332694518	0.004216174779609	0.0210808738980452	55.0
96345.196	2860399.0	1	0.0122324159021406	0.0042048929663608	0.0172018348623853	45.0
96345.197	2860399.0	1	0.010703363914373	0.0042048929663608	0.0156727828746177	41.0
96345.31	2699386.0	1	0.0085020242914979	0.0032388663967611	0.0121457489878542	30.0
96345.32	2698020.0	1	0.0088924818108326	0.0028294260307194	0.0121261115602263	30.0
96345.55	2900735.0	1	0.0135680234690135	0.004033736707004	0.0183351668500183	50.0
979.3	3824196.0	1	0.0035928143712574	0.0032934131736526	0.0062874251497005	21.0
979.7	3952957.0	1	0.0048724562912009	0.0045858412152479	0.0088850673545428	31.0
983544.3	3296168.0	1	0.0093802345058626	0.0023450586264656	0.0117252931323283	35.0
983548.3	3389993.0	1	0.0025923525599481	0.0025923525599481	0.0051847051198963	16.0
986.7	5109718.0	1	0.0081632653061224	0.0022675736961451	0.0104308390022675	46.0
996.10	3329120.0	1	0.0106128038343033	0.0030811365970558	0.0136939404313591	40.0
996.217	3261404.0	1	0.0118203309692671	0.0027017899358324	0.0145221209050996	43.0
996.23	3171081.0	1	0.013083451202263	0.0028288543140028	0.0159123055162659	45.0
996.276	3221312.0	1	0.012914485165794	0.0027923211169284	0.0157068062827225	45.0
996.277	3221278.0	1	0.0128294036061026	0.0027739251040221	0.0156033287101248	45.0
996.278	3221284.0	1	0.0128294036061026	0.0027739251040221	0.0156033287101248	45.0
996.281	3221309.0	1	0.0128027681660899	0.0027681660899653	0.0155709342560553	45.0
996.282	3221300.0	1	0.0128071997230875	0.0027691242644513	0.0155763239875389	45.0
996.283	3221299.0	1	0.0128383067314365	0.0027758501040943	0.0156141568355308	45.0
996.284	3221281.0	1	0.0128249566724436	0.0027729636048526	0.0155979202772963	45.0
996.288	3221290.0	1	0.0128650904033379	0.0027816411682892	0.0156467315716272	45.0
996.289	3221305.0	1	0.0128740431454418	0.0027835768963117	0.0156576200417536	45.0
996.290	3261133.0	1	0.0118243243243243	0.0027027027027027	0.014527027027027	43.0
996.294	3261108.0	1	0.0118323191345503	0.0027045300878972	0.0145368492224476	43.0
996.297	3261078.0	1	0.0118163403106009	0.0027008777852802	0.0145172180958811	43.0
996.299	3261159.0	1	0.0118243243243243	0.0027027027027027	0.014527027027027	43.0
996.300	3261163.0	1	0.0118243243243243	0.0027027027027027	0.014527027027027	43.0
996.301	3261270.0	1	0.0118283203785062	0.0027036160865157	0.0145319364650219	43.0
996.7	3321600.0	1	0.0114516672280229	0.003031323678006	0.0144829909060289	43.0
996801.5	4125014.0	1	0.0146644106034968	0.0022560631697687	0.0166384658770445	59.0
GCA_000152945.2	2961474.0	1	0.010246679316888	0.0026565464895635	0.0129032258064516	34.0
GCA_000153485.2	4321832.0	1	0.0144639818491208	0.0014180374361883	0.0158820192853091	56.0
GCA_000455605.1	2993089.0	1	0.0160988393859977	0.0048670909771621	0.0209659303631598	56.0
GCA_000468615.2	4635105.0	1	0.0042609853528628	0.0031957390146471	0.0074567243675099	28.0
GCA_000477035.2	4560540.0	1	0.0037573805689747	0.0029522275899087	0.0067096081588835	25.0
GCA_001670765.2	2509140.0	1	0.0041237113402061	0.0004123711340206	0.0045360824742268	11.0
GCA_002007065.3	5867608.0	1	0.006883604505632	0.0027117229870671	0.0095953274926992	46.0
GCA_003008415.2	3046750.0	1	0.0142909490655917	0.0062293880542323	0.0205203371198241	56.0
GCA_003008475.2	3046750.0	1	0.0142909490655917	0.0062293880542323	0.0205203371198241	56.0
GCA_003265305.2	2920169.0	0	0.0047660311958405	0.0004332755632582	0.0051993067590987	12.0
GCA_003286415.2	7632803.0	1	0.0011326860841423	0.0021035598705501	0.0032362459546925	20.0
GCA_003286425.2	7719698.0	1	0.0004560656734569	0.0012161751292186	0.0016722408026755	11.0
GCA_003815915.1	4253895.0	1	0.0161248374512353	0.0036410923276983	0.0197659297789336	76.0
GCA_000007585.1	2343476.0	0	0.007333682556312206	0.0	0.007333682556312206	14.0
GCA_000183155.1	2155121.0	1	0.004563894523326572	0.0	0.004563894523326572	9.0
GCA_000218895.1	6919729.0	0	0.004250449566781102	0.0024521824423737125	0.006702632009154814	41.0
GCA_000261025.1	2699437.0	0	0.006619593998234775	0.000441306266548985	0.00706090026478376	16.0
GCA_000263195.1	5220361.0	0	0.005388940955951265	0.0021087160262417996	0.007497656982193065	32.0
GCA_000597885.1	6665617.0	0	0.008539075552255429	0.0035270094672359385	0.011137924633376647	60.0
GCA_000767095.1	2736292.0	1	0.006063230835859679	0.0021654395842356	0.00822867042009528	19.0
GCA_001431805.1	4142224.0	1	0.013945380592678676	0.006682161533991865	0.01917489831493318	66.0
GCA_001589345.2	2220138.0	1	0.0029013539651837525	0.0	0.0029013539651837525	6.0
GCA_001708385.1	4142802.0	1	0.014244186046511629	0.006686046511627907	0.019476744186046512	67.0
GCA_001880285.1	3074209.0	1	0.010436079016026835	0.0018635855385762206	0.011926947446887812	32.0
GCA_002208925.2	5119391.0	1	0.018407629186072298	0.001996007984031936	0.020403637170104235	92.0
GCA_002243285.1	4551443.0	0	0.048508430609597926	0.013229571984435798	0.06147859922178988	237.0
GCA_002892575.1	2379874.0	0	0.006124721603563474	0.0005567928730512249	0.0066815144766146995	12.0
GCA_003443635.1	3352970.0	1	0.005952380952380952	0.0023148148148148147	0.008267195767195767	25.0
GCA_005943945.1	4723614.0	1	0.005908040071923966	0.004109940919599281	0.010017980991523246	39.0
GCA_006065315.1	5168958.0	1	0.008342989571263035	0.002085747392815759	0.00996523754345307	43.0
GCA_009670965.2	2132559.0	1	0.005723204994797087	0.0005202913631633715	0.006243496357960458	12.0
GCA_009762775.1	7811310.0	1	0.009797622871827819	0.00064246707356248	0.010440089945390299	65.0
GCA_010448835.1	4895399.0	1	0.007036943955767781	0.0015079165619502387	0.008544860517718019	34.0
GCA_011044175.1	3388965.0	1	0.028581035642232685	0.0026899798251513113	0.03127101546738399	93.0
GCA_013265555.1	3195778.0	0	0.010852713178294573	0.004651162790697674	0.015116279069767442	39.0
GCA_013267595.1	3352987.0	0	0.004270186335403727	0.00038819875776397513	0.004658385093167702	12.0
GCA_013284035.1	4464517.0	1	0.005408328826392645	0.0027041644131963224	0.008112493239588967	30.0
GCA_013365535.1	5414780.0	1	0.014854827819041188	0.002925950934053567	0.017330632455548053	77.0
GCA_013375035.1	5811561.0	1	0.005729486392469818	0.0012277470841006752	0.006957233476570493	34.0
GCA_014303495.1	3566174.0	1	0.017447495961227785	0.005492730210016155	0.02294022617124394	71.0
GCA_014524565.1	4035598.0	0	0.03637381085618355	0.004756575265808618	0.041130386121992164	147.0
GCA_015097275.1	4171466.0	0	0.018919743667989014	0.0003051571559353067	0.01922490082392432	63.0
GCA_016025055.1	4920726.0	1	0.013738738738738739	0.002027027027027027	0.015765765765765764	70.0
GCA_016694815.1	4928298.0	1	0.01907169117647059	0.002527573529411765	0.021599264705882353	94.0
GCA_016699575.1	4479215.0	1	0.039733333333333336	0.009066666666666667	0.04853333333333333	182.0
GCA_016700115.1	5966411.0	1	0.048167293233082706	0.007518796992481203	0.05545112781954887	236.0
GCA_016700415.1	3851287.0	0	0.033438485804416405	0.012302839116719243	0.04574132492113565	145.0
GCA_016726985.1	4242475.0	1	0.005461496450027308	0.006007646095030038	0.011469142545057346	42.0
GCA_016727005.1	4167722.0	1	0.005603810591202018	0.005884001120762118	0.011487811711964136	41.0
GCA_016728765.1	3699485.0	1	0.015142517814726841	0.0035629453681710215	0.018705463182897862	63.0
GCA_016757735.1	3353883.0	1	0.027604337824515282	0.001971738416036806	0.02957607624055209	90.0
GCA_016767215.1	3745241.0	1	0.017061611374407582	0.002527646129541864	0.019589257503949447	62.0
GCA_016803475.1	3208574.0	1	0.012112575703598147	0.003562522265764161	0.015675097969362308	44.0
GCA_016858305.2	4423854.0	1	0.012012012012012012	0.000819000819000819	0.01283101283101283	47.0
GCA_016864015.1	3987475.0	1	0.025588235294117648	0.004705882352941176	0.030294117647058822	103.0
GCA_016888905.1	4812038.0	0	0.001796253528355145	0.00025660764690787786	0.002052861175263023	8.0
GCA_016894445.1	6071216.0	1	0.02064128256513026	0.0014028056112224449	0.022044088176352707	110.0
GCA_017311165.1	2555922.0	1	0.014042553191489362	0.002553191489361702	0.016595744680851062	39.0
GCA_017347605.1	3524789.0	0	0.0007544322897019992	0.0003772161448509996	0.001131648434552999	3.0
GCA_017352115.1	5513159.0	1	0.008609556607834697	0.0023676280671545416	0.010546706844597502	49.0
GCA_017498485.1	3890129.0	1	0.00864123957091776	0.0005959475566150178	0.009237187127532777	31.0
GCA_017569185.1	4143164.0	1	0.010274923632324354	0.0013885031935573452	0.0116634268258817	42.0
GCA_017569325.1	7187733.0	1	0.0004883607357968419	0.0011395083835259645	0.0016278691193228065	10.0
GCA_017569345.1	7721126.0	1	0.0004503152206544581	0.0010507355148604023	0.0015010507355148605	10.0
GCA_017569365.1	7721108.0	1	0.0004506534474988734	0.0010515247108307045	0.0015021781583295778	10.0
GCA_017569385.1	7720565.0	1	0.00045133142771174966	0.0010531066646607492	0.0015044380923724988	10.0
GCA_017569405.1	7720872.0	1	0.00045167118337850043	0.0010538994278831678	0.0015055706112616681	10.0
GCA_017577205.1	7721114.0	1	0.00045201145095675755	0.0010546933855657677	0.0015067048365225253	10.0
GCA_017798125.1	2844510.0	1	0.03035143769968051	0.0059904153354632585	0.03634185303514377	91.0
GCA_018127765.1	2990547.0	0	0.003355704697986577	0.00041946308724832214	0.0037751677852348995	9.0
GCA_018127785.1	3304345.0	0	0.003937007874015748	0.0003937007874015748	0.004330708661417323	11.0
GCA_018127805.1	2560308.0	0	0.0035732516590096988	0.0005104645227156713	0.00408371618172537	8.0
GCA_018127825.1	2887107.0	0	0.008033826638477801	0.00042283298097251583	0.008456659619450317	20.0
GCA_018127845.1	2928207.0	0	0.007936507936507936	0.0004177109440267335	0.00835421888053467	20.0
GCA_018127865.1	3069220.0	0	0.006990291262135922	0.0003883495145631068	0.007378640776699029	19.0
GCA_018127885.1	3168321.0	0	0.004205214465937763	0.00042052144659377626	0.004625735912531539	11.0
GCA_018127905.1	3169665.0	0	0.003778337531486146	0.00041981528127623844	0.0041981528127623844	10.0
GCA_018127925.1	3360806.0	0	0.0034735623311462757	0.00038595137012736397	0.0038595137012736396	10.0
GCA_018127945.1	3334355.0	0	0.004209720627631076	0.0003827018752391887	0.004592422502870264	12.0
GCA_018127985.1	3025491.0	0	0.00131521262604121	0.00043840420868040335	0.0017536168347216134	4.0
GCA_018128005.1	3619436.0	0	0.0038461538461538464	0.00034965034965034965	0.004195804195804196	12.0
GCA_018128045.1	3358299.0	0	0.003419452887537994	0.00037993920972644377	0.003799392097264438	10.0
GCA_018128065.1	3342898.0	0	0.0030852294639413806	0.0003856536829926726	0.003470883146934053	9.0
GCA_018128085.1	3944801.0	0	0.003014065639651708	0.0003348961821835231	0.003348961821835231	10.0
GCA_018128105.1	4115533.0	0	0.0036089238845144356	0.00032808398950131233	0.003937007874015748	12.0
GCA_018128125.1	2999514.0	0	0.0038927335640138406	0.00043252595155709344	0.004325259515570935	10.0
GCA_018128145.1	3261788.0	0	0.001979414093428345	0.000395882818685669	0.0023752969121140144	6.0
GCA_018128165.1	2938122.0	0	0.0017937219730941704	0.0004484304932735426	0.002242152466367713	5.0
GCA_018128185.1	3038072.0	0	0.0021486892995272885	0.0004297378599054577	0.002578427159432746	6.0
GCA_018128205.1	3106544.0	0	0.0012479201331114808	0.00041597337770382697	0.0016638935108153079	4.0
GCA_018141745.1	2411481.0	0	0.006893156080748399	0.0004923682914820286	0.007385524372230428	15.0
GCA_018141765.1	2411440.0	0	0.006896551724137931	0.0004926108374384236	0.007389162561576354	15.0
GCA_018279895.1	5348976.0	0	0.0013395847287340924	0.00022326412145568208	0.0015628488501897744	7.0
GCA_018288975.1	5328687.0	0	0.0015891032917139615	0.00022701475595913735	0.0018161180476730988	8.0
GCA_018289315.1	4799513.0	0	0.0012642225031605564	0.00025284450063211124	0.0015170670037926676	6.0
GCA_018289335.1	5311305.0	0	0.0017921146953405018	0.00022401433691756272	0.0020161290322580645	9.0
GCA_018291945.1	5546719.0	0	0.0170863309352518	0.0002248201438848921	0.01731115107913669	77.0
GCA_018292125.1	7271073.0	0	0.0025380710659898475	0.0	0.0025380710659898475	14.0
GCA_018292145.1	5062790.0	0	0.001452081316553727	0.0002420135527589545	0.0016940948693126815	7.0
GCA_018389405.1	3439340.0	0	0.00035803795202291446	0.00035803795202291446	0.0007160759040458289	2.0
GCA_018603435.1	4917748.0	1	0.014921998643454669	0.0036174542165950713	0.018313361971512548	81.0
GCA_018924625.1	5098806.0	1	0.019543258673693456	0.002635046113306983	0.02217830478700044	101.0
GCA_018972085.1	2379916.0	1	0.006693440428380187	0.0004462293618920125	0.0071396697902722	16.0
GCA_019021925.1	3803948.0	1	0.0036440935317339812	0.004251442453689645	0.007591861524445794	25.0
GCA_019278425.1	4141347.0	1	0.01864933597061317	0.005651313930488839	0.024300649901102006	86.0
GCA_019278445.1	2792144.0	1	0.003574265289912629	0.0019857029388403494	0.005559968228752979	14.0
GCA_019278465.1	2820326.0	1	0.0035785288270377734	0.002385685884691849	0.005964214711729622	15.0
GCA_019278485.1	4329403.0	1	0.015611931976582102	0.001115137998327293	0.016727069974909393	60.0
GCA_019278505.1	4139709.0	1	0.015411456818842687	0.0011631288165164292	0.016574585635359115	57.0
GCA_019278525.1	4208346.0	1	0.016531322505800465	0.001160092807424594	0.01769141531322506	61.0
GCA_019278545.1	4410095.0	1	0.012993762993762994	0.004158004158004158	0.017151767151767153	66.0
GCA_019278565.1	4538800.0	1	0.005197505197505198	0.004158004158004158	0.008835758835758836	34.0
GCA_019278585.1	4577275.0	1	0.004341164453524004	0.0040858018386108275	0.008171603677221655	32.0
GCA_019297815.1	2153508.0	1	0.003526448362720403	0.0	0.003526448362720403	7.0
GCA_019317325.1	4921682.0	1	0.020804755372656608	0.002514860539551898	0.023319615912208505	102.0
GCA_019357415.1	3770983.0	1	0.0029895366218236174	0.0014947683109118087	0.004484304932735426	15.0
GCA_019551475.1	2730135.0	0	0.0017730496453900709	0.0004432624113475177	0.002216312056737589	5.0
GCA_019552145.1	2269239.0	1	0.006243996157540826	0.0004803073967339097	0.0067243035542747355	14.0
GCA_019552165.1	2173597.0	1	0.0055359838953195776	0.0005032712632108706	0.006039255158530448	12.0
GCA_019552185.1	2175511.0	1	0.004977600796416127	0.0004977600796416127	0.0054753608760577405	11.0
GCA_019552205.1	2453404.0	1	0.004251700680272109	0.0	0.004251700680272109	10.0
GCA_019552325.1	2469423.0	1	0.004253509145044662	0.0	0.004253509145044662	10.0
GCA_019613795.1	2725095.0	1	0.02018121911037891	0.006589785831960461	0.025947281713344317	63.0
GCA_019613955.1	3469496.0	1	0.0196078431372549	0.004111321948134092	0.023719165085388995	75.0
GCA_019702945.1	2781077.0	1	0.012432012432012432	0.003108003108003108	0.01554001554001554	40.0
GCA_019774515.1	3424871.0	1	0.006544953496383052	0.002755769893213917	0.009300723389596968	27.0
GCA_019774575.1	2826602.0	1	0.009414654113794515	0.004093327875562832	0.013507981989357348	33.0
GCA_019774595.1	2830982.0	1	0.008888888888888889	0.0032323232323232323	0.012121212121212121	30.0
GCA_019802705.1	2351491.0	1	0.006887052341597796	0.0004591368227731864	0.0073461891643709825	16.0
GCA_019802725.1	2172808.0	1	0.0035140562248995983	0.0	0.0035140562248995983	7.0
GCA_019802765.1	2191298.0	1	0.005456349206349206	0.000496031746031746	0.005952380952380952	12.0
GCA_019802785.1	2104010.0	1	0.004206098843322818	0.0	0.004206098843322818	8.0
GCA_019904215.1	2954715.0	1	0.01046337817638266	0.005605381165919282	0.016068759342301942	43.0
GCA_019904255.1	2959668.0	1	0.017172086225794667	0.00036536353671903543	0.0175374497625137	48.0
GCA_019904275.1	4599919.0	1	0.0014858841010401188	0.0009905894006934125	0.0024764735017335313	10.0
GCA_019930605.1	2673077.0	0	0.008395522388059701	0.0004664179104477612	0.008861940298507462	19.0
GCA_019930665.1	5678582.0	0	0.021877205363443897	0.0002352387673488591	0.022112444130792754	94.0
GCA_019930725.1	2615469.0	1	0.0013940520446096654	0.005111524163568773	0.0060408921933085506	13.0
GCA_019968605.1	4339639.0	1	0.012845039628313747	0.0008198961464881115	0.013664935774801858	50.0
GCA_020084865.1	2816191.0	1	0.019744483159117306	0.0011614401858304297	0.020905923344947737	54.0
GCA_020091345.1	5307048.0	0	0.021255313828457113	0.00025006251562890725	0.021505376344086023	86.0
GCA_020091365.1	4559639.0	0	0.0011043622308117063	0.0002760905577029266	0.0013804527885146328	5.0
GCA_020091385.1	5374479.0	0	0.02048780487804878	0.00024390243902439024	0.020731707317073172	85.0
GCA_020091425.1	7053599.0	0	0.002870985106764759	0.00017943656917279743	0.003050421675937556	17.0
GCA_020091445.1	5562109.0	0	0.0015050526768436896	0.00021500752526338422	0.0017200602021070737	8.0
GCA_020149915.1	3266086.0	1	0.012913026965438662	0.0015191796429927839	0.014432206608431447	38.0
GCA_020310005.1	3807780.0	1	0.002630809704764689	0.0014615609470914938	0.0040923706518561824	14.0
GCA_020310025.1	3994766.0	1	0.001474491300501327	0.0020642878207018578	0.0032438808611029196	11.0
GCA_020310045.1	4448231.0	1	0.001277139208173691	0.0038314176245210726	0.005108556832694764	20.0
GCA_020341635.1	3353884.0	1	0.026823683349689237	0.001962708537782139	0.028786391887471376	88.0
GCA_020342415.1	5183727.0	1	0.01503595554587056	0.002397036391370669	0.017432991937241227	80.0
GCA_020386615.1	7663439.0	1	0.007569089948952649	0.002640380214750924	0.010209470163703573	58.0
GCA_020683005.1	4887716.0	1	0.018484288354898338	0.0025415896487985213	0.021025878003696857	91.0
GCA_020735565.1	3308411.0	0	0.003787878787878788	0.0003787878787878788	0.004166666666666667	11.0
GCA_020735605.1	4375800.0	0	0.001442169022209403	0.00028843380444188056	0.0017306028266512836	6.0
GCA_020735785.1	3168227.0	0	0.0054575986565911	0.00041981528127623844	0.005877413937867338	14.0
GCA_020735865.1	4766157.0	0	0.0023841059602649007	0.00026490066225165563	0.0026490066225165563	10.0
GCA_020735905.1	3306754.0	0	0.0031164783794312427	0.00038955979742890534	0.003506038176860148	9.0
GCA_020735945.1	4812066.0	0	0.0015360983102918587	0.0002560163850486431	0.0017921146953405018	7.0
GCA_020736165.1	2713235.0	1	0.0013422818791946308	0.005369127516778523	0.006263982102908278	14.0
GCA_020783335.1	4810254.0	1	0.0002448579823702253	0.0012242899118511264	0.0014691478942213516	6.0
GCA_020885975.1	2271028.0	1	0.003986048829098156	0.004484304932735426	0.007972097658196313	16.0
GCA_020886055.1	2263087.0	1	0.0029865604778496766	0.0024888003982080635	0.0054753608760577405	11.0
GCA_020886115.1	2409408.0	1	0.0019111323459149545	0.0033444816053511705	0.005255613951266125	11.0
GCA_020911865.1	4219626.0	1	0.01844532279314888	0.0034255599472990776	0.021870882740447958	83.0
GCA_020911885.1	3562455.0	1	0.003998667110963012	0.0036654448517160947	0.007664111962679107	23.0
GCA_020911905.1	4362213.0	1	0.00995575221238938	0.002488938053097345	0.012168141592920354	44.0
GCA_020911925.1	5740613.0	1	0.010071620411817368	0.0024619516562220233	0.012309758281110117	55.0
GCA_020911945.1	3530395.0	1	0.004707464694014795	0.0013449899125756557	0.00605245460659045	18.0
GCA_020985365.1	2658494.0	1	0.020475020475020474	0.001638001638001638	0.021703521703521703	53.0
GCA_021172145.1	3017062.0	1	0.016056758775205376	0.0037341299477221808	0.019790888722927558	53.0
GCA_021172165.1	2808467.0	1	0.012895662368112544	0.003907776475185619	0.016803438843298164	43.0
GCA_021183825.1	5364211.0	1	0.0035120580660266917	0.0018730976352142356	0.005385155701240927	23.0
GCA_021233055.1	7333475.0	1	0.005291005291005291	0.0016534391534391533	0.006944444444444444	42.0
GCA_021278965.1	5357258.0	0	0.017248545303408146	0.0008312551953449709	0.01807980049875312	87.0
GCA_021390175.1	4159450.0	1	0.002211777716339508	0.004700027647221454	0.006911805363560962	25.0
GCA_021390195.1	4421981.0	1	0.002789753994420492	0.003043367993913264	0.005833121988333756	23.0
GCA_021534965.1	3811654.0	1	0.0023952095808383233	0.002694610778443114	0.004790419161676647	16.0
GCA_021655715.1	2125327.0	1	0.005184033177812338	0.0005184033177812338	0.005702436495593572	11.0
GCA_021655765.1	2195469.0	1	0.005432098765432099	0.0004938271604938272	0.005925925925925926	12.0
GCA_021655785.1	2146706.0	1	0.004615384615384616	0.0005128205128205128	0.005128205128205128	10.0
GCA_021655845.1	2564409.0	1	0.0036159100040176776	0.0004017677782241864	0.004017677782241864	10.0
GCA_022024015.1	3733400.0	0	0.00247787610619469	0.00035398230088495576	0.002831858407079646	8.0
GCA_022024055.1	3761659.0	0	0.004421768707482994	0.0003401360544217687	0.004761904761904762	14.0
GCA_022024075.1	3663999.0	0	0.0013937282229965157	0.0003484320557491289	0.0017421602787456446	5.0
GCA_022024095.1	3470215.0	0	0.0022197558268590455	0.0003699593044765076	0.002589715131335553	7.0
GCA_022024115.1	3567699.0	0	0.0017500875043752187	0.00035001750087504374	0.0021001050052502626	6.0
GCA_022024135.1	3567653.0	0	0.0017488632388947185	0.0003497726477789437	0.002098635886673662	6.0
GCA_022024175.1	3551722.0	0	0.001444564824846515	0.00036114120621162876	0.0018057060310581437	5.0
GCA_022024195.1	3429262.0	0	0.0022429906542056075	0.00037383177570093456	0.002616822429906542	7.0
GCA_022024215.1	3465067.0	0	0.001846381093057607	0.00036927621861152144	0.0022156573116691287	6.0
GCA_022024235.1	3630414.0	0	0.00247787610619469	0.00035398230088495576	0.002831858407079646	8.0
GCA_022024255.1	3493138.0	0	0.0022156573116691287	0.00036927621861152144	0.00258493353028065	7.0
GCA_022259695.1	3580797.0	1	0.011178537208559566	0.00415202810603641	0.015011178537208559	47.0
GCA_022429565.1	4028615.0	1	0.004037267080745342	0.0027950310559006213	0.0068322981366459624	22.0
GCA_022429645.1	3930133.0	1	0.004387339392040113	0.0025070510811657787	0.006894390473205891	22.0
GCA_022532105.1	3533442.0	1	0.028445648493057907	0.005418218760582459	0.033863867253640365	100.0
GCA_022749295.1	3630376.0	1	0.015156401160915834	0.0029022895840051595	0.01805869074492099	56.0
GCA_022760175.1	4040482.0	1	0.0018001800180018	0.0018001800180018	0.0036003600360036	12.0
GCA_022807975.1	4365036.0	1	0.005245720596355604	0.0022087244616234127	0.007454445057979017	27.0
GCA_022811665.1	3238712.0	1	0.01289198606271777	0.003832752613240418	0.016724738675958188	48.0
GCA_022811685.1	3037983.0	1	0.021231422505307854	0.0	0.021231422505307854	60.0
GCA_022811725.1	8130403.0	1	0.0005901445854234287	0.0017704337562702863	0.002360578341693715	16.0
GCA_022836875.1	3251289.0	1	0.025721237400069517	0.004171011470281543	0.029892248870351062	86.0
GCA_022867795.2	6309489.0	1	0.004326450344149459	0.003146509341199607	0.00727630285152409	37.0
GCA_022965695.1	3799034.0	1	0.01818181818181818	0.003125	0.02130681818181818	75.0
GCA_022982435.1	2866149.0	1	0.017045454545454544	0.004058441558441558	0.021103896103896104	52.0
GCA_023008245.1	3913692.0	1	0.01667608818541549	0.00395703787450537	0.020633126059920858	73.0
GCA_023016285.1	5689803.0	1	0.004035683942225999	0.006796941376380629	0.010832625318606627	51.0
GCA_023066195.1	2866151.0	1	0.017059301380991064	0.004061738424045491	0.021121039805036556	52.0
GCA_023100805.1	8264041.0	1	0.00828254414752305	0.003750586029067042	0.011876855758712298	76.0
GCA_023101345.1	4778575.0	0	0.008310249307479225	0.0017627801561319568	0.010073029463611181	40.0
GCA_023195755.1	3989211.0	1	0.018953323903818955	0.004809052333804809	0.023762376237623763	84.0
GCA_023195775.1	3823204.0	1	0.02254035942735303	0.007919585744745659	0.03045994517209869	100.0
GCA_023204875.1	3335334.0	0	0.002244668911335578	0.0003741114852225963	0.002618780396558174	7.0
GCA_023205095.1	3362199.0	1	0.020965058236272878	0.0033277870216306157	0.024292845257903494	73.0
GCA_023272795.1	5636211.0	1	0.00729144327686039	0.004289084280506112	0.011366073343341197	53.0
GCA_023278045.1	3490877.0	1	0.004761904761904762	0.0020408163265306124	0.006802721088435374	20.0
GCA_023278365.1	3939633.0	1	0.03511753044463325	0.0002832058906825262	0.03540073633531578	125.0
GCA_023556315.2	4029301.0	1	0.0316961736150771	0.005139920045688178	0.03626499143346659	127.0
GCA_023716465.1	3776802.0	1	0.002398081534772182	0.004796163069544364	0.007194244604316547	24.0
GCA_023821985.2	6083856.0	1	0.010266535044422508	0.0013820335636722605	0.011648568608094769	59.0
GCA_023822005.2	6272774.0	1	0.01090909090909091	0.0015311004784688996	0.012440191387559809	65.0
GCA_023822425.1	2345841.0	0	0.008008008008008008	0.0005005005005005005	0.00850850850850851	17.0
GCA_023822445.1	2333418.0	0	0.008525576730190571	0.0005015045135406219	0.009027081243731194	18.0
GCA_023822465.1	2332345.0	0	0.008040201005025126	0.0005025125628140704	0.008542713567839196	17.0
GCA_024181065.1	3360630.0	1	0.004365345869711216	0.0033579583613163196	0.007723304231027535	23.0
GCA_024271895.1	5745280.0	1	0.008628127696289905	0.003882657463330457	0.012079378774805867	56.0
GCA_024399315.1	4996258.0	1	0.019269549630293526	0.002464709836432893	0.021734259466726417	97.0
GCA_024496085.1	4077824.0	1	0.02112482853223594	0.0035665294924554186	0.024417009602194787	89.0
GCA_024499525.1	5972859.0	1	0.010156408693885842	0.0022344099126548854	0.01218769043266301	60.0
GCA_024628805.1	2961016.0	1	0.015189873417721518	0.0032549728752260397	0.01844484629294756	51.0
GCA_024638035.1	5610911.0	1	0.004379562043795621	0.0022940563086548487	0.0064650677789363925	31.0
GCA_024722315.1	3785974.0	1	0.0015304560759106215	0.0021426385062748698	0.0036730945821854912	12.0
GCA_024758045.1	5206925.0	0	0.00138217000691085	0.000230361667818475	0.001612531674729325	7.0
GCA_024758245.1	4963882.0	0	0.0022277227722772275	0.00024752475247524753	0.0024752475247524753	10.0
GCA_024758885.1	7238377.0	0	0.002674273489035479	0.0	0.002674273489035479	15.0
GCA_024759425.1	5260419.0	0	0.0009128251939753537	0.00022820629849383843	0.0011410314924691922	5.0
GCA_024759485.1	5342201.0	0	0.001796541657309679	0.00022456770716370987	0.0020211093644733886	9.0
GCA_024759625.1	4774827.0	0	0.0018158236057068742	0.00025940337224383917	0.0020752269779507134	8.0
GCA_024759645.1	5178638.0	0	0.001649387370405278	0.000235626767200754	0.001885014137606032	8.0
GCA_024759985.1	5166418.0	0	0.0019011406844106464	0.0002376425855513308	0.0021387832699619773	9.0
GCA_024760045.1	5415967.0	0	0.0013201320132013201	0.00022002200220022002	0.0015401540154015402	7.0
GCA_024760285.1	5302296.0	0	0.0006699419383653417	0.00022331397945511388	0.0008932559178204555	4.0
GCA_024918935.1	4418414.0	1	0.013939224979091162	0.0008363534987454698	0.014775578477836632	53.0
GCA_025151045.1	4749455.0	0	0.0023936170212765957	0.00026595744680851064	0.0026595744680851063	10.0
GCA_025151215.1	4377447.0	0	0.001443001443001443	0.0002886002886002886	0.0017316017316017316	6.0
GCA_025151385.1	3307707.0	0	0.003785011355034065	0.0003785011355034065	0.004163512490537472	11.0
GCA_025159075.1	2133658.0	1	0.0046248715313463515	0.0005138746145940391	0.0051387461459403904	10.0
GCA_025244725.1	4373612.0	1	0.020742637644046096	0.0030729833546734955	0.02381562099871959	93.0
GCA_025244765.1	3073662.0	1	0.010254596888260255	0.0003536067892503536	0.010608203677510608	30.0
GCA_025252405.1	5106313.0	1	0.007955077211043519	0.0028076743097800653	0.010528778661675245	45.0
GCA_025263845.1	6885775.0	0	0.002147598594299102	0.0	0.002147598594299102	11.0
GCA_025502585.1	4474154.0	1	0.013311600108666123	0.0032599837000814994	0.01602825319206737	59.0
GCA_025757725.1	4848511.0	0	0.001534134492457172	0.00025568908207619537	0.0017898235745333673	7.0
GCA_025919725.1	2711696.0	1	0.0019801980198019802	0.0007920792079207921	0.002772277227722772	7.0
GCA_025979705.1	4621779.0	0	0.010403765172157542	0.0019816695566014365	0.01189001733960862	48.0
GCA_025979885.1	4909707.0	1	0.01817276574558128	0.0014936519790888724	0.019666417724670152	79.0
GCA_026013785.1	2672569.0	1	0.001329198050509526	0.004873726185201595	0.0057598582188746125	13.0
GCA_026013805.1	2779391.0	1	0.0012695725772323319	0.0050782903089293275	0.005924672027084215	14.0
GCA_026013825.1	2807434.0	1	0.0008281573498964803	0.004554865424430642	0.004968944099378882	12.0
GCA_026016565.1	2488018.0	1	0.004159733777038269	0.00041597337770382697	0.004575707154742097	11.0
GCA_026109735.1	3509958.0	1	0.001644736842105263	0.0013157894736842105	0.0029605263157894738	9.0
GCA_026222555.1	4431522.0	1	0.028769017980636236	0.0019363762102351315	0.030428769017980636	110.0
GCA_026314945.1	5069351.0	1	0.017341040462427744	0.003334815473543797	0.020453534904401955	92.0
GCA_026427735.1	2243639.0	1	0.00716674629718108	0.00047778308647873863	0.007644529383659818	16.0
GCA_027359925.1	5091677.0	1	0.012749188687992583	0.0013908205841446453	0.014140009272137228	61.0
GCA_027594405.1	3876143.0	1	0.0015160703456640388	0.0018192844147968466	0.0033353547604608852	11.0
GCA_027594425.1	4040619.0	1	0.0017376194613379669	0.0014480162177816392	0.003185635679119606	11.0
GCA_027625995.1	4926765.0	1	0.011793020457280385	0.0016847172081829122	0.013237063778580024	55.0
GCA_027915275.1	3694481.0	1	0.004683109584764283	0.004683109584764283	0.008741804558226662	28.0
GCA_027920505.1	4510621.0	1	0.017773389286595904	0.0032090841767464825	0.020982473463342383	85.0
GCA_027920525.1	4858345.0	1	0.019190264451205242	0.003276386613620407	0.02246665106482565	96.0
GCA_027920545.1	3437155.0	1	0.02090032154340836	0.005144694533762058	0.026045016077170417	81.0
GCA_027923645.1	4034988.0	0	0.006923837784371909	0.0003297065611605671	0.007253544345532476	22.0
GCA_027924665.1	5351204.0	1	0.00515926424405563	0.0029161058770749214	0.00785105428443248	35.0
GCA_027941735.1	2782778.0	1	0.00546448087431694	0.0037831021437578815	0.008827238335435058	21.0
GCA_027941795.1	4198827.0	1	0.009690444145356662	0.004037685060565276	0.013458950201884253	50.0
GCA_027941895.1	4911505.0	1	0.016382405745062837	0.003590664272890485	0.019748653500897665	88.0
GCA_027945075.1	4090637.0	1	0.014209115281501341	0.0029490616621983914	0.017158176943699734	64.0
GCA_028010105.1	2982320.0	0	0.0006759040216289286	0.0006759040216289286	0.0013518080432578573	4.0
GCA_028335085.1	2621167.0	0	0.007569011576135352	0.0004452359750667854	0.008014247551202136	18.0
GCA_028335105.1	2392749.0	0	0.007352941176470588	0.0004901960784313725	0.00784313725490196	16.0
GCA_028335125.1	2521435.0	0	0.008268259072117593	0.00045934772622875517	0.008727606798346348	19.0
GCA_028473145.1	3038422.0	1	0.013258897418004187	0.0038381018841591066	0.017096999302163293	49.0
GCA_028736075.1	4067423.0	1	0.03125	0.00027412280701754384	0.031524122807017545	115.0
GCA_028736135.1	5633897.0	1	0.009762308998302207	0.001697792869269949	0.011247877758913413	53.0
GCA_028736155.1	5561005.0	1	0.007831194257124212	0.001957798564281053	0.009571459647596259	44.0
GCA_028736215.1	7541737.0	0	0.0014502094747019013	0.0017724782468578795	0.003222687721559781	20.0
GCA_028753015.1	3875850.0	1	0.027648428405122234	0.005238649592549476	0.03259604190919674	112.0
GCA_028864635.1	2595287.0	1	0.008557980316645272	0.002139495079161318	0.01069747539580659	25.0
GCA_918731615.1	3700464.0	1	0.006513647642679901	0.0018610421836228288	0.008374689826302729	27.0
GCA_946903285.1	5554530.0	1	0.011536686663590217	0.0029995385325334565	0.014074757729580065	61.0
GCF_015476115.1	4094245.0	1	0.00659592773157442	0.002007456266131345	0.008603383997705764	30.0
GCF_021650975.2	4683139.0	1	0.022922636103151862	0.004059216809933142	0.026981852913085004	113.0
GCF_024362345.1	3087453.0	1	0.011657559198542805	0.0029143897996357013	0.014571948998178506	40.0
GCF_026248825.1	6564943.0	0	0.008058326937835763	0.002686108979278588	0.010552570990023024	55.0
GCF_900683745.1	4125322.0	0	0.005531653349723417	0.00030731407498463427	0.005838967424708051	19.0
GCF_907163105.1	2718917.0	1	0.007581803671189146	0.0019952114924181963	0.009577015163607342	24.0